1111110101001000101111110101100100011100101010011101011000010011
0111010000001101010101011001001010111011000000101111111000000100
0010100001011011101011001111100101011111010010010110000010001001
0100001111100001000101100101101110111001010001101110110011111011
0000011010000001000001000010100101101111001101010011010011011011
1101101110100010001001101010111010010101111100001000011111011111
0010000110011100101101110101101110000010011001101110010011010110
1101010001000011001100001000001100010100001101000011111011001110
0100100111001110111110101000011100110100001010011100110001010001
0000000110110101010000000110011011011000011100011001000110000111
1011110100000010110000111010011100000011000001110000100001011001
1101101110110100000010100111100111100001101010011000000110111110
0111001110110100011001010011001000110011101011001110110100011101
1000110011111110010100000010111101110100000000010110000001011011
1100001001001010101100011010010101001000100010110000110010111110
0010111000111010100110111001101000000010101000111001011100010111
1111100010001000101101100110100011111000101010001010110100011001
1000001101000101000011011110110100001100111010000000001000100010
0100011101111110010110100011010100011100010111111010100000110100
1001001000011011100011011011110010010000010110110101000001111111
0010110101001010010000101010110100010001110110111110000000111100
0101011110010010000001111010011100110011101010111010010111011111
1110001111101101110101100011010000000110111100100100100100010001
1111101011110110010001111000001110100001111011010110111011111001
1000001011000000110011101011001101100000001100011110011101101111
1110010011011010011010011110101101101110000001101111000101110111
0010010101110001001010010000110111111010100010110111011100010001
1010111000011000010001100010010011001101000100011100001100111111
0110101111100110001111011111100000010111010110110110110100100110
0000001001110101001100100101001110001010111011011111100011101110
0000011010100001110010110101111111010001001101011010101011010001
1110001001000100111111101011001000011000011000111101000010011110
0000111010111100000001010111100010010010110110111101000111000000
0001111110101111000101111001111010101010000011101100101010000111
0110100011000110110011111101000001111110111111111000001001101111
0010000100000010001100000110000000111010110010110010110101010100
0010001001000101101011000111111101011011100001100001111010110101
1110111011000110100101110011101101101010111100000101000010100100
1101011101100111001100100110100011001100000110111010000110111011
1000000001001110101110111100011110110001100011001100000000000000
1100000101111011001100011110011101111100111001001000110001111001
1011010000010110110111101110100010110010110111010011100010010001
1100110110010001010110000111110111000110110001110011101001000001
1100110011001111011000010100010111111110100110011001010101001110
1011100101100010100010000110000101010111111000110100010010100101
0001000001100000111111000000011101100001000100110100110001011010
1010101111100000011001000010010101111001011110011101100001110111
1111111001000001111111000010111100001001110001100001010110101001
1000011100001011011100010100110010110000101110100111010101011000
1101101110100011001101100101100100000000111111000000010101000000
1010001101101001011001000011101010011110101011100001110010101011
1010011001101100110010111000100101001010100100011100100111010011
1010111011111101011111001001010110010111100000110010100101011100
1001100010001011011111110001011100001000100111111011011011011010
0010010010110110010101110010001100110100011001111010011011100111
1101010001100011110010100111101101100110111000011100101101001010
1101010000101011001011110011100011101011010011000101100001001001
1000100000100011010110100100011111111111110111110100101000000011
0110001010111101100010010101110111111011111011100011110101100100
0100010000010011110101000100000010010000100101111001100000010011
1101100000101111010010110000001010010101010010000001101100111101
0101110000000100110110100001111100001010110011010100101001010101
0111000101000111011110101011100001101010111011010000100010000101
1011111101010100111101001000110010011001101000111111001110011011
0010001010010111111001110011111111010010011011100111001001111010
0000011011100001000000111110111000011000100001111001000010110100
0010100001101100101101001011101100001010101101011100111001110101
0101000101111011011001110111011011011000100011101101111101110000
1010001000110001000001110111001001010110100110001101110010111110
0110010100001011011000101100101000100011001010011011000001001100
0100111110111010011000101110110000111101101010101010111101100011
0101100010100101010010101100110110101010110001100100001101001111
1101011000100011100111110100110000001001111100000111000001100010
1110001110111111001000100011011001111111101011101010111001101010
1110010110001100101011000100000111100011111010011000110010010000
0010001111110100100101000111101010110001010010010100010001100111
1111101011100011111001110000100010010000011011001111111100001010
1110010110011111100100100010111000010111000110010011000011100100
1110010101010100011111110001000101101111101111010101110101000001
1100111110001100010010100100111000010010011010111100100111110011
0011001011100100110110010100110111000100001010111111010110101101
1111111100010100111101101111010111001010100100101110010100111001
1110101011000001011101000111100101101101100100010000100110011001
0111011001111001010100101101001110001000010110011100001000101110
0000011101101010100000000110101011000010100110100011010101000110
1010110010000110111010110010111101001110101100001101110011110101
0011000001000111010011111111101101101011111011010101010111111110
0010101100011010011010101101001100100010111110100110110011011100
1001001110010100001001111100001000011101010101111001100001110001
1110111100111000011101010011001011000010011011010011011011101110
1010000101101001011100011011111010001111110100110000011110011101
1101010001111000101111101101001100101000001101011001011100111010
1101010101010111011001101101001010100011001101111101010000110110
0001101110101101010010011110111110101110111110011001001110110001
0101000111110111011011101000010100010000001011101110000100001111
0011010011000000000000000000000000000000000000000000000000000000


0000100100111010101000101010101000000010011110101100010000000111
1000001001000000110010001010001011000011010101000100010010110000
1101100010000101011111100001110000100010011000100010111110111111
1001010110001011001011111101111111100010101111101011101110110000
1011001000011010001011110001111100000100101011011110100000111101
1011011110010001110000100111111011100100101000011100100000101001
0010011110001110000000101001110001101011000010101010111000100111
0001101101000000110110000111101011111101011001011101010111000000
0100111100100011111000100101100100101100100011000111001001010011
1100000001010001000001000100000011010100101000110001000010011111
0011010110011001000111000111101001111001011000010110001010111111
1110011010000101100010011000010001001100100000011010110110010101
0100100011111101001010010000000100110101000101111011001001110110
1101100111100111011101000110111000100011100100100101100000110111
1001100110101001110011000001001011100011111001001111110000111101
1001111011011000000010111000100101110010110010000110100010010111
0000100111011001111011100011111111100101000010001101111010111001
1001100110111010010000100011001001101111001111010101110000111000
0000100110010011111110110100111011000000000001111101101001001010
1111100110110111101101010111001000000010000110000111011100011100
1011110101110110101011110100010001011001010100001011011111001100
1010110001000101001010101000000000000010011111000010111101000001
0011010101110111100001110001100111101100011100011011100010100100
1001011100101000111011010111111100111011101101100000111101110111
0101011110010101100101000010010001100000111011101010100010011010
0111111100010101111110101111100111111101001001101010111000001100
1011101111000110000110001001010100100100011010101110001101101100
0111111111000001000011000001111110011101101111010101100010011011
0000100111000100011110111100100000011111111100101100111100010111
0010000010011100111101101001100001101100101101110100000110100000
0001000010011010010011111001010111111001100001001010110010000111
1100100010001111001011001000001010110101101001111011110001111000
0010000011001101101010010000010111000001001011010100010111000101
0110001100000111000010110011010110110000100111000111010111010111
1111000100100101001011100100111100010000100000100111010100100010
0010111100010111011011111010011000100001100010111011100000011010
1011001101101011110101000111101010000011001110111000100100010110
0111110011000010011011000000000000011011000010100000111100101100
0011010010100000111010110101111110111001111001010111110111000001
0110111111100011011000110000001001001000011000101111011111110000
0110110101010000110111101010101100101000101111100010000011010011
0110111010011111011101111001001101100100010110110101011110101110
1000110110001010110000001110110010011110011111100011110101011110
1010011011010111010011010100100011100001010010001000011100100100
1010000111110100101101110010001111101110011100001100111010110001
0100111110010001111110011101010001001010111011100000011000011101
1010101000101101000011110001010011000111110110000011011101110000
1011100100011101110111010111001010010011111000000101110010111100
0000101101101101110000001100001010010111011110111011100000111001
0000011001011010100100101111001000110110010111100111100010110101
0011110110001111110011101110011100100111011110000100001010111111
0100100011101011110110000000110101101011100000001010000110001111
1101001011000010110101000000111010100100011101001100100100100101
0011100100111001001000101010000011001001010101011011110110110001
1100111110111011000000011111110100010101001001000011110111110001
0110110001110111101110111001010010101111010000111110110111111111
0100101101011101000110011001101010000001101111111000101001101000
0011011011011110011111110011111100110110111001000110101110110000
0100100100010010011100101100001001000110011000011011101011011111
0000110011011110011010110001000101111100100100111101100000101110
0100011011101000110100100111111111110100110110011111100011101001
0011001000011101100001001001000100111001111111110011000111101001
0111111101000110111110000011001110101001101001000110111001110100
1001110100011000011111100100011000101101001101010000111011001011
1011111110101011001110011110000011110001010001111111100110001000
1101101001011010110010111110101001011010110001011001100010100001
1110000100100101110100110111110000111001111111101011111000010001
1010100011001001101110011000110001110101111111000011001010001001
0101110101100110100101101100101101000101101011110100101100000011
1000101101111011001010101010011101110110010000110010001001100001
0011110100111011001100001000111111111000010111001000011111101011
0100001101010110011111000010100010110000111100011101000010000010
1111100011101111101011101111101111101101000010001010000001010011
1100011100011110001000100111101100000110000110100100111000110010
0010101101011110111000111000011100100011111110110101000100000101
1101001000101110101110110110000111010110111100111101000111101010
1101100000101000111011111111000100000101111010010001110101000101
1011111101110100001101111011010010100011110000100000110110000101
1101100001111010011111111111111110111100110010011011101001001100
1010101111111001100101100101000000011101000110001110011010000100
0110010100101111110010001001111100001001100111001101011111101011
0010111100000000111010010101010000101010110111100111101010011001
1111101011101000010010011000001111000000000101111110001011011011
1001110110011110011100000011110001110001110001111001111000001001
0010011111001010000000011011100110110101110011001010100101100010
0001011011011011011100011101000011101111101001001011011101011111
1010001001101011101111111101110111010100001100010001001011001111
0100100010001000110000010010001011010110011011110101100111011100
0001100000110011100011001111111111000000000011101010000000001110
0011010000000100111100101101100100000100001110111101001111000110
0100011110011100011000001011011011101000010110110110000100111110
0011101111101011111010101000101001100001011110001010010100101110
0100000110001101101000000111001001011010010101000111110101010101
0011011011110000000011100101101000001110011001101100000011101010
1100101000011010101111000111111100010100101000000010001101010101
1010011110000000000000000000000000000000000000000000000000000000


