1110011100001111011110111110100100110110010001100011000110100001
1010111000011011010001011100010111110111110100011001111110110010
0100100001000101011011101010001101101011100001000111100000101111
1000011111111111010000111100111000101110100011111111001101000111
1000011100101111000011111010101001100001110101111001011000100100
0000101111010110011101000001101001011111100111111010100011101001
1101110000110100001101000010001011000001000011111011111000000110
1011001100010000001010111111001110100001000101101110011010101010
0000010111110111000100110000001111001001001011011100111110101100
0100110001001001000011000010111000101000101011010101000110110010
1000000001100001001011111011101010101111100010111101111100110000
0001001011100111100010010011001000010110000111001000011101110011
1011010010011011001101011110100011010001001000011110011011101011
1101011010011000100111111000010001111110010111110010110111000011
0101101011001101101000001011001010011111011100011000010111000010
0011100101010011111011000011011111100000110101101000001000111001
0010001111101001110000001101000101111000110001100010100000101000
0100101011100111010010001001001100010011011111011100110110110111
0100100010100111101110101001111110110000111110011100101110101011
1100000010000011010111110011101000011001011100101101001100111111
1010111010010001100001111010110010010011100000001011010000001100
0011001101110000101100000001000001110000000011001110110111000001
0111101010010111010000000001001011110111000111100010101000110011
0010010111000111111011100001110011000101011111010010101010000010
0100110101111000101100100101111100011111111110001001000001101101
0001100010110001110110011111010011010101000111010001001000000001
0101011011000001111011001011111111011001010011111101011011010101
1000111010010010000110101001000100010001000110110010010011000110
0000111000001011101001000000001100101111011000100010101011001011
0111001100000001111110011001110000011000001011100111010010011000
0000011110010000110011000001000111010111111110010010010111010100
0110000011001000111010110010110111111000001111111010001111011001
0101010110111001010111011100111100010010101101010010011011100011
1110001111101010110011011110111011010010110110100000100010000000
0101000101110100110100001110110111011111001100110101011010111010
0101111000100000100100010010011000100000100110010011011001011111
1101111111011011000001110101011011010011111001101000010001001111
1100011001111010100111000100100000101000010110010000010101100111
1100111110001011011110010010110110011001101101100001000001100000
0110100001010101110101011101010010110111001100110110110111010110
1001010100111011110001101011110000100011100110010111110000101110
0010010100001001000100011101001001100000111000001100000110111110
1011111110110111100001010101001001111000010001000001101001101110
0000100101111000101100001001011100111101110100000001100110100010
0010001011111000110100001011110110010010000110010111011001000111
1000101010111010000111001011011111010100110111100101000000010110
0110001011110010110000100010111001110101100010111001010101100011
0100010000001011000111100010111011100010011101111001001011100011
0110100000110010110000001111000100011000010001100001100010000101
1101000110000010101110100011011010000100101000110010010011110000
0110101001010000101101000101001011111101111110101111010101101101
0111010001111101111111001011010011010111101010010001001100010001
0110101000011101101110111000111001000001110001110000011101011100
1010110010000101100110110101110011010010011111001010010111101111
1011000111000001100111101010001010011100111100100100110111101000
1111110001000101110010110111010000110000001100011010010110011010
1111010001110011010100101000011010010001110000000011011000111111
1001100001001011100101101001101101001101001111110011001111111001
0111001000011101110111100001011100010000011111111001100110011100
1010010010100010100111001010001011111001010010001000001000110001
1011100000100110111110110000111111111110010001111010100010100000
1001111010001000110110110100000011000110010110010000110000011011
1010110000101101101010001011111101110011001001011110101010011011
0011110001110010000111010100101111000101111110001110111000001101
1011011011100111011110001101010110111001000110000101101000101110
1001101100110010010000011011110100110110011010111010110101000000
1101011111001011110010001101111101001100100000101001110100101111
1101100111001110010110101010100100011111000000111100011000011010
0110000001010010010101001000101101001001011101000100101111111101
1011101000001010000000111000010100110111011001110011100001011111
1101000111100100100011110000001000010110010101110000101011010110
0010010101010001010000010011001110110011101011101011001100000000
0011010011101100000000110000011000110010100000010011011110001101
0011100010101110111000001100011001000001010000111010111110101111
1101001001100000000010110001011010010101010010101001001010110011
0000001111101100001011110110111001001001011000101111110000101111
0010111101000000011010000110010111100011001011010010001001110010
1111011111010101000001011100010001010100111111010100000000100010
0101101100111001100011110110100001000110101010011011100000000000
0100110011000011101000000100100100011110101111001001110001101000
0000000001111001101110000100110011001011011010110100100010011000
0010011010001111010111100001111011111111110111011111101110000000
1110110100101011100101100100001100000100011100111111100110101010
0100101010011011100011000100110011111010111101111001011011111000
0000010010100001001010101011110100010011100101001000011001100100
1011010011110111110001100000001001111001101011000000010101000011
0110010110011100100000110000110000011100110010000000011000011010
1101011001100010110000101011001101001111011010011001000110110001
1110001110011100110000100111111000001100111001010010011110111111
1000110010101001000100000100001101111011110100111101111101011000
0010110101111011101111100100101100010110011001000100101000111101
1111010000001111110111110111011100000010001100111000110111111101
0101100000100010000101100111101100101000011101111110100101111101
1010011010110001011000001100000101010010000000100101011010110001
0100011100001000011010001010011110001101000010001100110100110110
0100010010100010010100101101110000010010001001000010011000100001
1110100110110000000000000000000000000000000000000000000000000000


1100001000110111011011101101000111110110111111001001001111111111
0000101001110000011001100010010010011010110101011001000000100011
1011010010010001010011110100101110000010101001000010111001110010
1010000010011000101001001100110101010111111001001000101100100000
0011111001100110000101001110011010111011111101010000101010001011
0011001100111010110100010101100000000010011011010001101111110011
1110010111001001001110010011111101100111100001000011100111100100
1011100111110000000111111101110101111110100011101000111111100001
1011111001010001111001101000101110011101000101001111001101001111
0100011101101000001001101111000010000001111010000001100000100001
1011010101101111011011001010100001010011001010011001100011110010
0101010011110011001101110010110111111010101000001101010011010001
1110011011000101011011011101010011101011011101110100100110000100
1110110011110011010111000100000111101101001111110000100111110011
1101001110110110011001001010010010001101101010000010011011010010
0001010011101010111001100010000111110011000110000111111111010001
1101110000111100100110001110010000110101101101110001010010000100
1111110000100101001101111011010110111011110010101111001010010011
0100100110011101000001101010111010101010110111001011100101010100
0110000111001000000111100001011111101011111101111000011000111100
1001000011100001111111100111101011100110011011011010110110111010
1110000111000001110100111011110100110100011100100000100101001010
1000011001010100010001110010000100101100001010100101100000100000
1001010101001110000100111010000111101100010100110000101110111100
0101110100000000000100100101100000011001101011000001000001000101
1001110000011000011010001111100101000001110010011001000001010110
1001110001000101110001111000110000000011000010110100010010110000
0101111000011111111100000010110010010100101000001101110110110101
1011000000111111101101001100100100101111001000101100011000100101
0000101011011001000100111000101011001010110111111101000101001011
0001010111001001101111011010010000000001011110101111100010101100
0111111100011000001010101101110101000101111110111111010001011000
1011000011010001111110001101011001000111110011100000010111011110
0000100101100100100111101101000110000110001100101010010101000110
1101011000110110011100100010010001000010110000111111000011011110
1101101001011000111001011100010111010000111100010010010000010001
1110000010011111011011000010101110110010110101101111001100101111
1011110011100000000100100001010111011100110001011001011110010010
0100110001000101010111011011100000000001011011100011010100100100
0011001011110011110000000001101011011011100011001100001011010011
1010001001100010010100010111001111111101110111110000111111100100
0000000000010000010000111000010010011111111010011111110111011001
0111000001011001110110000011000010100000101001101101111110000000
0110100110001101011101001011101101001110011100000101100000011100
0000111100100011110001101111001111110100101001010110100110101111
0101101001111000011111011110001110000100101101000110101101000110
1001110001011100001101000010100001011101010101111001001100010011
1100111000101011101011100111011000111010110101010110111010111010
0110100111100010101001100011110110101100100001110101111111001000
0001100001110101001011010101001000100111001000000110101101111010
0000010011001101010011110110100100100100010110001111000111101010
0011011110010000001001000100111100100111110110010000010010100100
0101000011101101101010111100101000110001011110001101000101101100
1100110000100011101101101100000110001010110011011100011101000000
0011100110110000011100110010001101001100001011011011100010001100
1000000001000111100010110010010110010111101101000101100000110000
1101001011100110010010100110000110100011011111101100010101110011
1000000111000101100010100010101101110010000110101101001110111010
0001000100100100000111000001101010001100010110100101101011110100
0010100001101001001010011011001001111011011010000111011101111101
0011011000010011001010011101000001100011110000111000000110101000
0110100000001011010010101111001101011101100011100101111111101011
0010000111011101111100110001111110011010111011101001111011101100
0100100000100011000101011010011001010010111000011110110110111101
1010001011101100110001001000001011011101101100010010101110101101
1111100100011000100011010100100001100011011001110100001110010110
1010101000011000000100001001000110011011110101000011001101011101
1011111110010011011101111001000000011101000010011101010110111001
0001000010001010101000111011000010010011110110000111010011001001
0111101000000001101101011010010000100010111001001010010011110001
1011110111101010001001001011001110000001000001100001101100001011
1110011100000111100011010101001000100011111000000011010011100001
1101100111000100010001001000101111011100101111011000001010111001
1011011010111011101000011111011110011111101000111100110101110110
1011000111111011110101011111001110001001001000010111111111011011
1000011000010100011100100100010010001010001010111011000100101100
1110111110111001100010110110110100101011100000111100111111011011
1001000101011101110101000100010100100100100000001111011000101010
1100111111110010110101010110100100001000010100100110101110101101
0110010110111011101001110010001101111110000100100110101100010010
1101101000001011100011011001000100111110001110110111110110010110
0100100101010010001100110100010000111101111001010010001101000101
0001101100100011111101110011001000011101100100000100101010111010
0000000011011100101100001110011001000001111000100100000011011001
0110101100011010010111000110100110000100100011100000111000000010
0001111100010111011000100100011100001101011010100000010110001110
0100110000011100110111111101001001011110010001001010001001100000
1111011010111111011001101110000001100111010011000001111011010000
0001110000011111000011101111110111010110101100011110111100100100
0111110011101110111101101111111011110001101010001100110110110000
0100011001011010100001011101001101101001100000100010010101110111
1111000100101100101011000000100101010100110101110100111010011111
1110111010111100101011001001111101111110011000111101010010100110
1100001001010111000010001111010010000011100110101100100110110101
0000001100000011001011001100010010110010000100010100111001110011
1000000101101001001010000011110100010100011111000001100011000000
1011111001100000000000000000000000000000000000000000000000000000


0000011110010000101011100001110101010111110001010001001101111000
1101001001110110010000000100111111110011110110001010011100100111
0110100100001110110101000101011010001100101011000101111111110111
1001001000000000000110010111110110000000000011111001111100000111
0100101011110100100110010000000011010110101110111111111101100101
0101011110100100110111100011001010011101010011010010110000100111
1001000110101011111010101011010010100100111000001000011000000100
1110100001101000001110000011100100001111011011100100110011010100
1101110010110111101011100001111010100010000100110101111101111110
1001010101110111100101111011110000001110101110001001110011101000
1100111011001100111001111000111110100110010010011011010010111001
0100001011101110000101010101011010101100000100011111010001010011
1010010110010001001110101011010100101111101100011100000111011000
1000110111101111100100111101000111100110100001110000011110010110
1010011111110010001001111110110100110110010100001011010101100010
1100001110101011011000101101101101111001001100001101111010000000
0111100000001100000001000010101001011011100011110000001001111011
1010111110000011100110100100001101101000110000011110011001110000
1011010000111100111100011111110110000011110100101010111110100100
1111000110111010010011101000000011110000111100100101000100101100
1110100100101100100110101100101100000111010000010101101000010001
1101100100000100111111101111001110101111011001000000011110110110
1110100101101101001101101010111000100101101101111011010110111110
1010110001110111110100100001110100101101001110001101000100000010
0000111101011000111101001010101001010100011010110011011001000010
0100011000100101001010101000110111010101100011010001011010001100
1000000110000001000111000001100010101010010011110100000011101011
0110001101101110000101010111111101001111101100110010100100001111
0111000100000101110001011001100101010001110111010111110000010011
1100110000001011011110110100000101001110010010111000110100000001
1001100100001111111001100000110011101010010100000111011110000001
1110100001110100001001011010110110100011111001001001011001100100
0101100001110100101101100001100110110100101010100111101001111000
1000101010000111010000110001101011101000100011011001010111000010
1110000111111111111110011011001001111110100111010000100001000110
1110110100101111110110110111110001110001001111111101101101111110
1011000011001111000110010110111101100001011111000011011100110101
1011111000010001101101111110110011010000111101001110111100111100
1110110110111100001100111111111101101101011100000001010001111101
0010000100010000111010011000011101001100101000011000001010001101
1010111000010111101001011010101000001001100111110000001000001001
0000000010110101001000100100000011111110011110101011100101101101
1011011000111101001101001100001000000100101100000000111000001010
0100010111011011010101100001001101011110100111000001110100000100
0110110110110111101110101000110100000001101111001111111000010100
1001010100101110110000110010011011001100011100101010000100110010
1100001001111111001110111111110001011011100110011101111111100001
0010101100011100101101110001010110000011100101010100101110001110
0110110010001101110111011000010100001101101011001000010001001110
0011000111000110010010101010000011001110010011001101110010110100
0101110101011000000111110001000110010010101001100101011010110100
0110101101001001101100101000101100000010100010110110011101000110
0000001000000010000111111000110110100101100001111010001001110001
1000000101001111001101111101110100111110110100011011001010001100
1001110010010011111110111001000000000000101111010000100011101011
0110001101110011010101010110100000111000110110001110011000001100
0011000110000101000001000011010110011010001001001100010100100100
1001110010011110000000010001111110111111100111111110100011110101
0010000000101101110000101010110110100110011100110110000010110001
1101111100010001101110010011100010001010111001110110111100101110
0111111011111100101000001100110001111000111011110111110011010010
1100101111111011101101011000011000100101000101111110110110100001
1110011111111001011110101000111000000101001101011110101111111000
0010010011000111111101101100111011010001111110010000100010001100
1111100110110001100110010101001000001010111110000110000100011110
1101000100000111111101001100110001010001110111110010101011011010
0000010101010011100001010101110000001011000011001101101010011100
1001011000100001111111101010110011000101010010101000010101010010
1011110100000110000011010110010110001010000011110110001100110001
0111010011001010110111000111100110101011111111110000101011111010
1100011010101101110100000001110010100101010000001111111000000010
0100001100110011111010100000110101101011000010110010000101111000
0101111110110000011110101011011100000111100100101010111010111011
1000111011001101100101110011100000001110000111101111001001101001
1001110100000100110011001111101110111001001110100110110111000111
1101001001010001100100111100101111010010100010101000110011010011
1011101101100100101111110000110001011110010110111101110001011001
0011010001101011011001111011101011111001111111000111110001011110
0011001011001010111101001111011110010111110001000001010111010000
1001011000111000010110100010000111110011110010101001001000101101
0001001111100000101010111110011001111001000010000101001000011000
1100001011010011001000111110001011010110011100100000111100100000
1000011101001110110000110100110011010110101010001001110011000101
0101101100010110011111110011110111011101001101110000000100100100
1111000001101011111000010110101000100011100011110110111000001110
1100000000010101000111100100011111100010111100000100001110111000
1111010100111001011101111010101111110110111011101101101010110111
1101000110010101011100111001011000111011111001011001011111000010
1010000111101001010110111000110101110111110110011101100111100100
0011110100001101000110101000011001000001100011101001000000101001
0010100011110010001110100101011111001111110010100001000011001111
0101010011111110010101101010001000000110101000011001110111100111
0010010011100101100111010000000010111011011010101010101001000010
0001101111001100001111100001010010111010111001010110100001000001
0110110000111100110100010010110011001100100000101001111110010001
1100110011101010000100110111011011111010110101011100000011000100
0000011010100000000000000000000000000000000000000000000000000000


