0000111111111001000110010010000010010000111010011110011001000100
1001010111011000111110100100110111110110010110110101000000001110
1011000010001000110000001100010110110011110000011101110011111101
1000101111110011000101011001000100001000110100001000001110011001
0111001100111000110010110001111110110101100111100111011100011011
0110001000110110001101110100011011001010111000000011001010111101
1011101110001000101000010100110111000101111100101010000111010111
0101110000101100001010100100010001000010100111000001111111000001
1001010100100001100100000010101010110000111100110001111001100111
0001011011100100110010101110000010011010100010101110110000101010
0110001111001110111110111100101010101000111100010000110100001111
1111110101110000000000101101001100111100010000010001010111010001
1001011101001000100110100111101111101111100110101111000001010110
1001101000101001101001101110000011111011100110010111100110110011
1010111000110111011000000111010000100011000011110000010000011111
1110110111110010010011000110001110111110111100011100000001101000
1010100101111001001100110100111110000001110111100101010110001110
0001010010100010111011011010110101011011111100100001111110101100
0011000000100111001001100111001111111100010100000001100001001110
1111111111001001000100100110001110111111000100111000010010000010
0101100101110101001111000001001100010000110010100011000000000111
0000000110110110101101000111101111111111101111111100111011100001
0010001000000101001101100011000011011001101010001010110010001010
0011100110010101010111101110100011101100100010100010100001110101
1110001100110101000111101000011101011111111010101101011101101111
1101000010110110011111011111110000101101111111111101111001101000
1010110001011101110000101001001100001010101011011010001101000110
1011101010110110111111110101001110101110001000101101011011110010
0000110110000010000010101010011011011011100111110111110000000110
1001111101101001001011011101000100001010100110101100100100001000
1000111000011001101110101010011011000010100110010011010111110010
1111101011011111101110011111010000011010100001100111001000001110
0011001111011110110001100001010101101111111110111110101000011100
1000010001011000000100111011110011001000001001110010100001000110
0101001110101100001100011101101010000110011101000100100110101110
1100101010001000111101010111101100010000110110000101101011100001
0011111001001100100000001001101100111110011000100100001111000110
1010100101111101001000100000100100100100000011001111001011111110
1100001010100101001001010011110011110101111111110110101010110101
1110010010010100000011101111000010110001111001111111000110110111
1010000000110001100010011001110111000000101110001100011011110000
1101001001100001111010110100100010001011111011000000101100011000
0011011100110100100010100100101010101000011011101111010110100110
0100010000100011110110010000000011111111011101010010010110101000
1101000100000110111110001000110111010001010110111110000010101111
1001011101110100100001000010101001100001100101110111000011101011
1101100111001000001001011000101110100010000001000000110001011010
1011000100000011110001100111100011000000110011011001010010111001
0000011111111011011011111111001100111011001111001001001010001110
0111110010101001001100000101000110110000000000010101110100111001
0101001111000011110110101110010010011110110100000001001100100011
0001101001111111001011001000011010001010010011000101011000100001
1001001100010110110110011010110111000100110001111110101011001110
1100111001111111011010100010011001101101101001000111110111011000
1011111101001101110011100100110101001100000010010000100111110101
0101101100111011111010011101011101000111111111011101000000010001
1000001110100110001111001001011101111010000101001011000001100001
1011101100100101101110111101011001100000000110000111100001000100
0110000101010010111110100110000101110110001010110010010101001100
0010111101110110011101110100001010010011010010101111100100010011
1001000111001010100001011001001110101110110001001000101110010110
0010010101011101100001001110011101101001110010010010110111110010
1011111101001001010110100010100111101111011100101010000001101110
0110011011011011101101100010101110110000110100011110010000001100
0001111100001011110010011000001011111001111010010111011100010000
1011000100001010000110001000101100011101110010111100101000101101
1111110010011011100111100011111011010111110100101100000000011111
1110110011110110100000010010101111010011101110111110100010001000
0001100101001110100000000011000011101100010001101101110100000100
0100010101001100111010011111011011001010011010010011100101000111
1000101011111100000111101000100000110111100101111111011101101110
0011000110000010110001100111100000010100011101101001010110101111
0011100011111000100000110011100001011000101010100101000000001111
0111110101100101101000101100100100000110000010110101000100111111
1000010100111001001011001000011100110011001011001001101011001010
1000000000010101001110000111010011110110011110000110010101011110
0111101001000000011011001011000010011110101111001101101001110111
1110111100101001011011010010100001100100100100111010001111000111
1100011101011111111000011001010111110011111111011110000110100000
0001110010000101010000011000000011111001011010100101010100001111
0000110001111000110001010000000010101011011101010111101000001000
0010000111001000101101011101101110101010011001100011100101101110
0101000000111100000101111000000100001101111100100000000110011100
1101000001000011000101011000001111010011101110100100110101001010
0001111011010111111100110010100100110101110110111011111001111011
1011011110100001100010100110111111100110111010001101110110100001
0111111000011101000011000101100011110011000010111110001110010010
0011001100000111101001110111011001100011111010101000010010101101
1001101110001110110001111110010010100100010110100010100110010110
0000010010101000001011000011111000001011100100100111000011000101
0100100011111110101100111001100000111000101010101010011100011110
1010110000011000110111011100001111110000110101101001110000110000
1000100001100111101101010011001000110010100010011000100011101100
0000001101010101101000010111101011101010000111110010011101000100
1010111011000100010101111000011100011010100111110110110101001101
1011110000000110101110011100001110100000000111010011011001001011
0011011010010010011001110101001010011100001111010011111011111110
0101000100110001110110111110000111001001010110011010001001101111
1100111111111101111000111111110100101011000011110111010100000101
1101111110001100011010110111001011000111011011001010010111011011
0011110110010001110101110010000110110110101010011010000001000001
1000100010001001111100011101101011000100110011001100100000010001
0000111101000011000000101001110000111100110000011011011011100011
0110000111111111000011111101111101100000011000011001100000101000
0011000001001001100001110101000010010110111000111001001110101110
1010010111101010010000000000000000000000000000000000000000000000


0101010110011001000100010100111111000001011011101011100101000110
1001101010101001100000001100011011110001001001000101010110010010
0011011110001101110011100111100010111111001001000111100010111110
0100001101111110011011101000001011001111101000011001101101101101
1001011101010110100011010011101110110110100110000001100000011111
1001100010110000101110111110110001100111011010001111111100100100
1001110000011010111100111011110100011100111001000001010011000101
0110111100000011011101110100101000000100011000111101101101111010
1111110001001110101111010010011000001110010110001101110100101000
1011011011100010100000111110110101111000010011100010011000000100
0110000010011101000001001010011000101100101011000100101100101000
0101101001001101101000101010100000111011001101111000001010000001
0100101100010101111100101100001111111101001100011100000000101011
1000001001100001100010001110111011010000101001010000101100100011
0100011000100111111001100100001100000100111111110010001110110011
1011001011001011011110011111110010010001000010011101000011011000
1100100101111101110111111001111001111110110111110110000110011000
1110110110011101010000001001100001010000001100110111101110110101
1111101111110011010111111010000100100100111100110011011111000110
0101000100111111110110110100110011100101111010010011100010000010
0000010100011010101011101111001011001101011100010100000111010111
1011001001111111010100011011011000100011010010010010001010011010
1111111110111111001001010111100010010010001110010011101101110110
0110001010100110001000111110101110101111001110001100001110100100
1101001001000000010111110011110100001100011100101011010000010011
0100001110101100111101001011000000110111100100011110001010110101
1001011010110000000101110100000000101000110000010101010100011010
0011100001111011110110101101000111110011010000000111100000101100
0010111101010011100011111011011101110010000110001101011100000110
1001010100111000100111010110111111010000001101101100110101111010
1111010111000010101001110111100101111001000001010111000011100001
0010010110000110110010000110100001011101001101100101100111000000
1101011011110001001111110000000011101101011110010011000111100101
1011100101000100110000100011100110000010101110110100000101100101
1011100111000110101000001011010011101000101101111011110011001000
1011011110001111101100110110110100010100011011000101000010010110
0100111101110100110000101000101011101110101011010101100011000001
1011111001010111100000100011011100010111110000011110111101110010
1100100101101001101011000010101001010000101011011101011001010000
1011100011110101101000010110000001011000111000000101101110011000
0001001001000111111010101110100001101100001011000100111101101100
0101001010101000011011100011001011001011100000101101011001010110
1011110101110111011001011011000011100011000000010101010100010010
0101000000010101111100100100010000100101000111100000111111011000
0100101111001110100110010001000010010111110011101101010101011001
1011001000101000101011000010011101001000011110100111111111010110
0011001000011011011011011001101111000101110010010100101110101001
0110000010110100100100000001101000011110101100101001001010100101
1110010010001100001010100001010111010100101010110101100111011000
0110011111011100010100000111111000110110101010101111000000111111
1110110101000000010000110001001010011000101010101101000100100101
0101111101111100110010001111100000100011010101001010010011111010
0001011000111000000000010011000101101000011001010100010011110100
0101001000000001000010110010100011101100101101101111111001001101
0001111111000101111010010010100000110100101001110111100100011000
1001001100011110000111010011100010010001101000111111000100011101
1011110101001101000011111011110000100101100000000100101111101010
1101011100010000101011010110010110110010111111110010110011001000
0010110101001011010111010100011100101100100001101100010010100101
0100110000000001110100101000101010001111011100101010101010101011
0001101101101011100000011101100111110011010011000001010011111010
0001110010000101101000010000111100111101100110100011000110001110
0000100110011100011110011100101010001110011110100011000110011000
1001110001111100111101010011000110101111110001101101110101011010
1000100011001111100101101111110100110001111111001101100000000101
1011100111010010110001101111011011101011010101101100011011001111
1101101101111001010101011001011111010000111101001111101101100101
1100100100010000101110001010001011001001111101111101000111100001
0000111011101110010111110011101111101000101010011110101101101101
1100100100011011011110010001001011111011010110011111000000011111
1110110111111001110111011110110000110111101011111110100110100010
0010100000110010010000100011111000101010010100100101011000100110
0111001110001100000111010000000011000001100111100101100000110001
1000011011100100110000000110110011111000111110111111011110000101
1101100100010010010000001001101001000010010110010111011111000001
0010000010111011001100011000010010011010111101110111111011110111
1100000000100110111110101100110010110001000100101001001111101111
0001001110100110010001111100110110000010110010101101100110111000
1010101110010011001101110101011101011111000010011101000101100101
0010101011001101111011011000101110110010111110011110000001111110
0011000110001001011010011001100000110100011110011111000110011101
0110010001000000101111010101011000000101111100001101101101000110
1101010111110010011100100100111101100100010001101101011111110010
0001010110111011011011101001001001110010010110010101100100111010
1001110100001011111100111010000111000001111111110000000010110111
1001000010001011100111001011001100101000011101000010101001010110
0011100110101110100101010100010100101001111011110101111100001101
1000110100111010011000001010100110110001001111101101110010010110
0110110111001100100001110011011001011001001110101100100100000011
1110001011111100011110100110101111101001000110010011111010110110
1101100110001100011011100101010100111101110101100110000101110101
1101011110100100111100101001101111100111011101110101010001001010
1100111110000110101001100001000001001000111110111001011010001111
1100001101111110011010100000011100000101010010110000011110000101
1111100110011001111010110101010101000110011111011010001011001010
1010101100010100001100110011001001110110010101100011000011000110
0110100001001000001000111011110110110011001011101010000011100111
0101101010111011110110111000111101100110100000011010100110000011
1011101111011111101011100110010111100010010110111110100110001010
0000001010010010011111101111010100001100101000001101100100011110
1010111010110011011001110010011010010111111100111110010010101001
0001010101100010111010010001011010100110010110011001110101110110
1000110010010100000010010000001000000101110001000110111100110000
1000110110010000011001000001010100110101001101111010011010011001
1111001001110111110000001000110000001111100111110110110111011001
1000000101001110111000000000000000000000000000000000000000000000


0101000011010110110011111110100001011110001010111111010000001111
0111100111101111001101000011010001000000110010111100100011010001
1100100000100001000110101101110011110110011000101000010111011110
1010011101001010001111101101010101011010000010111000010010110001
0101011101110011101000111010101111111110001100110000010001000101
1001100100110101101011111111111101001000100110111110110101111100
1111001011010001100111001001001001110011001010000001001011111010
0110110111100110101110000000000010000011010100000011111111101100
0111010101111010101100010101100011101001011100011101011100110001
0000111000010011010111110001101000001100100010000000011100000101
0100010010101011111001010000001111111111000000001110111101000011
1001000111100001100111010010011010101001011110000000001011110011
0100000011010010110011111111011000010101011011110011010001100000
0001001101011110001100111001100101111101111000010000010000010000
1001111111001110011011101110101111111010011101111000110010110100
1000011001011000111110100010011100100110110010110000110010110100
1111101000110000110010100001000101001110111100000111001101011001
0110011100001000000000000000010011101111011011110001011111010110
0001001001011010000001111001001100010100011011011111111101111001
1100010100111110100011111111010000100101111011111001111110001011
0011010010011100010010111101111111010101010001010000010100111110
1110100111011011111011110000001000110011100000100100100000110011
1110001111111010001100101110000011010101101011100101000011010000
1011010101000000011011110100000100011000000001101011101000111110
1100011000000000100011100100100001111010110000001110101101000101
0000101000110000011101001000001000000000000001010001000011110010
1000110000111101110001100101100011001011011100100100110010110101
1000101001100100010100110100001110101010000100010010011001100010
0110100011011011111000110111011001001101100001110111011010000001
1100100100010110111100000111010011000110100101110000100001110100
0001010111011000111100110000001011111110001100010000001000111001
0101101110110011000000110101110101001100110000111110100010011100
1000111111110000110100101011111111100110010101000011100010110011
0101010001111110001100101000000110010100101000011101100000001100
1011000101110101011000111011001010110010101110100100100100101000
1000111000100111010101101010011100000111100111101101101000010001
0010001110010110000110110110011001111001011100010111110100110001
0011110011010100001000000100001100111000100010111011010001101100
0001101100010111100011001011101010100101100011100100110110000010
0100100010101101111001001100001101010010001010000110011100100100
0011000011001111111011011000011010001110111000011010110111001111
1110010011011000111011011101110011001110010101100011000010101010
0101000001110000110100101000010110101101111110001111110000011110
1000010010010110011011111010011010100011110110001111001111111001
1110011111101100110000101101110111010011111001010010110001010001
1001000111101000111011001011110111010100011100100101100001011011
0001101001011101100010010001011010010000101001000100101111101010
0000101000001100000001101111111110101010010111100100000000100010
0001110001110010011111110001000011000110110010010010011111111100
0100110010110010111011101111111110101101000110011001010111100101
1000110001110001001011010110001100011011010111111110110110000011
1101111000110000110000000011101001011000101010010101111000010110
1101101101000001011101011111010101010111000000010101110101100111
1100011100111101000010011111110011110100000100011011001100010010
1001101010110101100000010111101101100111111101010010011011011100
1011101110100010001101111011000100001011101011110111110100100001
0010111100110000100111100010000100111110100000001000011100100101
0100110001010010010001100111000101100010001100101111011001010011
0000001101001111011100001100000001111101100000101010001010111101
0101010000001111100010001110010101101100000001100100001011110111
0001000011001001111101100000011010100011101101100101011101110111
1110000101101110100010110111001110101000100100101111101001110011
1001010100011110100101001111010000001111011111101101000110101010
1000100010110010110100001010010010001010010111010110001000101001
1101001101010000110010010011110111000101001001010011100101001111
0000000111101000001110100011101110100011011111010010001000101101
0010100111101110110101010010110001001110101101011110101000001011
0001001111110100000110001001101101011011101101101001000100101111
1111110110111001101101010111010111111111100101011000100100100100
1011010011001011010110101000001100010000110010100000011100101011
1111010000101111001010000111010010001100000101010000000111100001
1110101101010000000001001000010100010000011111010011011110001100
1011111000011000001111010010111000110100111011101000011000001111
1111000000000011100010000010110010000111100011101001110011001111
1100111101100111101111001000101100101110001110011001011110100011
0101101010011100111101101010010000000111111101011110101011000011
1110111101101111111100011000100011101011001011010100101011010111
0101010111100111011010111100101000011111100000100110101110011101
1100101110000110111100011110011011100100010111010110100011100101
1111001110010001101011011001110111000001011000100000010000100000
0000110000001001000101110101011100100001001001010000100111011101
1101101111010110100110110001101011000111111111100101100101011001
1001110010110000010001001010100101100010000110101011010010101010
1100000010010000000111000011111000011011101110111100110111111010
0101110000101110100101001000111111000111111110011010011000010111
1011111110001110110111010110000011101010000011101111011010001011
1010110001101100011010011011101011100011100001000111011010000000
1111110001110010010111110111111110110010011011110101110001111001
0000101110110110001011011000100000000011000111000110010111101000
1010101110000001110011111100101000001010101011011010111010000010
1111100110100101101111001011111110111000100111110000000111010110
0000000010001101001100000100110010001110011010000011111010000110
1100000000010111011101111011101010001111100111000100110110011000
0100111100000000110100101010010111100000011000111100111011111011
1110000111010010010011111010010010110101010100101100010001101101
1101000011000001000110101111010111101101111011110011100011001100
0100011110001011000100010000001001101000111110011101000001111111
1110101101111100011010111011101011000110101011001000101110000110
1110010101101010010100011001111111101000000110000111011110011110
0000010111011110001110000011111110111110001010010110111001110100
1000000100100010011010010111100001001111011001111100000111110010
1010000111000110110101110110111000010011110110001111101110001100
1111000000101001100011110001101011101111110000101010011111000000
1111110110000110010111101111000000011110100010100111111010111110
1011100001110101010100111000110101100010000100110001111101010110
1000110101000110111000000000000000000000000000000000000000000000


0111101010010001111001000001010011011011110000011101110011001110
0010010000010011110111011000011101000010000111111001001011001110
0001010100110010010100010111101010011011100111011111011101000111
1101110000001011000111110100011100110010011110101110000011100001
0001001100001000000010110011111011110010001001110011101000011110
1010011111011001101100101100000110111001001101100101110101100101
0011111000010010110010110000011000011111110001001001110111111001
1010011111110001000110110100100100111011011100110010110101010111
0101010001101001000010111101101011011100011111011011011011110101
0100100111011110010010011011000010100100110010100011110101110100
0110111111111100100100011101101001010111011011011000010011001111
0001010010010110110000110111101011101110011111110001111000000001
0101100111011110110001100010011001011110100110011000111111011111
1110101110110110011011010111101111111001001101000100110110110101
0010100000000101001010101110001101001100000000111011111111111101
0011110000100110111000010001010100100011111011100100011101001010
0001001011010110001010101110101011000000101101010001001011010101
0010111011010011100101000111011111110110001010011101101110001101
0010010001111000000011110001011101111100010010011000110100101001
0001100110101011111001010110011111010101100100011100001110010100
0100111110011010111110100010110010100110111110100100001010111111
0011111010011011100001111110111010110001001110001000111011001111
0111010100111101110101001110100101100011110011101010011010110001
0000010010001111010000001001001100101001000111111111110011110110
0111010111101110010011011110011111110101001100100110110100100001
1001101101100110100110101101010000001000101111001100111111010110
1101101101010011001100110010010011111111000100101000111111010001
1100010111001000110010001110000000011000011101110100001100011100
1000010001011010110111110010000110001111110111010111001110111111
1110000010111011100000010011110000011000010110100111011001011110
0001111000001100011100100011011000111101100000011110100001000000
0101000110011000100100010001111110100100101001000110101010010100
0010100000000111001010001110101111010110101101101010011010110110
1000100101000011101101111001110101011001010110101100110101011100
1000100111101000010011100111111101010000010010000100111001101110
1011100100011011010011100101010001010010111000101011001010011001
0011001001100010101011101110100111111100101000010010110010100110
1110101000101001111111100010111000000111111110010101101100111111
1111010110001111011011011111101101011100001100100001101111111100
0101010001111010011110011101111000001010001101001000001100001110
0001000101011011001101011000111011011011011101101010110000001001
1110011010101010100010010011011110011010010011110000110001101010
0000111010011010110111101001100011110110111111010010100011111101
0110101101001110100011010001000101011001100011010010001011000111
1111010110010000001111111100111011111100011001010011100010010010
1010100101011110001101000101101010101110001011001000010010010101
1011010101001100111000011011110001000011100100001100101011100011
0110010000001011101101011001101111110111111111001111101110100101
0011010011011111100110010100110001001100011000011011011110000011
0010000110000000111101001011001000010101001110100110100110000111
0001100100000111011101101110110000100001100110010011011111011010
1111110011100010000101100101001011100100101011110101001011100010
1001010100110010010111001111100110000011101001100011010101100101
1000001011100001111000110110101101000010111101001101000010110011
1000110001111101011101011011101011001110101101110111110101110011
1110001000111100110100110000111010100101001111001100111100011000
0111110001011101001001100000111001010110000111101000000100001011
1010111110111011100010011100110011000110010010110011000110100111
1001110000110110101000001100100000101110101000110001101101100000
0001010100100000001001101101101001011000011000110011011000001100
1110111101011100111010001111001100110111101000000010010011011010
0111100110101100110001111100000010110011010001011100001100110100
0001101000010100110110011010000111011010111111001110100001000010
1001110110101110100110010110111000000110001100000000111101010101
0010011000110001011100000110011011001000110101101000001001011011
0001011110010010010110100001001101001111100101010110101110001101
1111011001111001101100001001011100110100101111001001111101111110
0101111100100000011010100010001101000011110101010101111010100010
1100001100111000000000010110011001000000000111101011111101010000
0001100011110101110011001111101101110001100100011111001001011000
1111011000000000100011100001001100101110001001110111001111011001
1010010101000001000001101110110010110100111101100011100001001010
1101010111110001000101010000101101101100101111000001011000001101
1110110101101101001000100101111111100110011110000101011000111100
0011101000100111010010000011110110111111101100110110101011010110
1000001100111000000010011001100111110010101101101111110100110111
0010110101100111011010010111110110010000111000100011111111011100
1101110000001110010001100000010110011101011101010000100100100111
1010100000011111110111010010010101001001100100100101110111000100
0111111000011110100001111110101111000111100110010011000010100110
1001100100111010111011100001100101011000010110100100001111100000
0010011101001111110100011111100000010100010110010011001111101110
0111010001101110111100101010100100100010001000010000111101001110
1111001111010001000101100110011001010101100000101000110010000011
1001111000011010011000111000110110000000101100011110110001000001
1000000110001101101001101010110100011001001101010000101110101010
0001100010111011110110101100010000110101000100101101110110100001
1100010011101100010000011011110000000011000101001101000001000101
0010010000110110110000110110010001101111001000000100001011001101
1011000001000100111111001011010010011010111110001100011010100000
1110111000001111101101011010001011111011110101011011111001000010
0011111010101000001001101101000000110110111000101001010000100100
0101111001010011110010011011010110011111101100110011101010011110
1000001001101111010001110101101010010011111101000100010101010111
1010101110101011001100111010000101100111100111010010101011100011
1010110000110000000001111011000000010101001000000000101011110011
0001100100101001101100101010010011001111000011100101000101001001
1101101110101110010010110110000101011110110101001011101001001111
1111101010101001110010011010111000011010001100000010110101010110
1011001100101001100010000011001110011000011101010101010010001011
1101111000101100000000010001001101100111101101110001100011101010
1110111011000111100101110101010111000010000111110111001001111101
1011111011111110110010100010000100001110011011001011110000010001
1111001001001001111110101001100011001100001000001100110000101001
0110101110001110111001101101010001111000110100010101000100000001
0100010001100011010000000000000000000000000000000000000000000000


