1001110010000110001011001001000100110010101010001101111001111011
0000010110010111000101001101011100111101101001111010110011111110
1100010111000010011101110001011111011001110010010101000010010000
1010100011001100011000010001110111000000010100110100111000110001
0011000100101100000010001101101000000000111000000010111100100000
1111011010000010111110110111010101001000100100101101110011001000
0101111000110001101100111001000011110001100111101010000000110101
1010001010001101101100101001001110010001100101000000110001010001
0101100101110011111110111001101011111100001111010001011000110010
0011111101011010000101000001010111000001101000111011010010100011
0010011111111010100110111111101111000100101100101100111110000100
0011010001001110101101001001111010010011000100111000110010100111
0001100010111010101010001011011111101001101100011111101000111100
0110100111000101101101000001111011101011000100110111010011001001
1110000010010000001010010100100010110000111110101000101000011100
1011011111010001100101000011010101111110100010011001101010101011
1000100000000001011110111100100010100100101001010101000000100001
1111010001000000011000111110111010001001110000011011010100101001
1010100010011011110100001100001110100001110010100011111101001011
0110000011110111111000101111100011101001110010001010110111011100
0001000010111100010001000100001011101010111001011110010010111110
0100111100100010010101101001001101110101000100010000101100000001
0111011111011101111101001001101110101010010010100110110100111001
0101110011100111110101001100000000000000010001001001011111111000
1011110100000101111100101010011100111010011110000010010010011000
1110101100001010110100101110111111001000001010010111000000100001
1111111111110101100100011110110011111010110100101000000011101001
0001000101010110111111000111011111101000101101011001011111000111
0101001101010000100001100010101101111110001001101110111111000000
0010010001100011010111110010001001110110001000100110100111001001
1011110010111011100011001011010100010101110100000001010101111101
0111000000111011000100101101111110010100011100110111011010111011
0011111111111000011001011101110000101011101010001111101110011011
1101111011101100000000010001000011010100101101100010101011001110
0101100110001011001000011110001101010000101010010111010000000100
1010110111110011111101001001010000011000100101001101011111010111
0110000010010010000111100010011000111001001110100110011100010110
1101101011011000011000001110110010011000100001111010010111101011
1000001111011111001111100101110001110001101100101110000000011010
1111100100110011000110001100100010110001011111001010011000100011
0011110100100111001001110001110101001101110001100001101010000000
0000101111111101010010101100010101111101011111010111000000110110
1100010100111010011011100100111100110000100001000100101010100111
0101001100101101001110100101011101010010000100011100111111000011
1001101001010011111100100000101010001001000000010111110100010110
1000111111001100000111100000110111101100010000111111000000111001
1000101001111101111101100110001000101000100010110100101111101111
1001101011001110001011000001110000101110110001110110110011100111
0100111000100011110010101101001010000101000001010001011101101010
1101011110001101011010000000111010100001111111001010110001100011
0000000000000000000000000000000000000000000000000000000000000000


