0101110011010100111011101010101010000001100100111111110001000011
0110011111110100100100001011010010100010110110111110100101111010
0100101111000101001110001100111110111101001011111010001011000000
0001001010000101110000000010010010010111111001011101011100000110
0011111101101000101111000001000001110010000010001111101011101000
0000100111101000111000101000000101010000000000011110010111010001
0000100101110100001011010101101100111001000100000110111001100000
1001111100111000100101101010101010110001101110011010001010010101
1001111110001100110000011001011000110000111000000011010001110110
1100101010100100011101001011111001100101001000011010101010011100
0010001001010011101100101001000100011110001010100000110011111001
1101000100001100001100011011100100101001001001111011111110010101
1111010011000011001000100000010111010000110111000000111100000111
1011001101111010101101101111101101110010000001111010001110010100
1000010010001001110000101011111101111011010010000011111011111001
1001001110010101111011110001100101010011100111010000010111100101
0101001101001100001101101101101111011111000000101111100110111000
0011000011110000001000001101000001110000111000101010000101000000
1101000110000111100101100111101101001001001101000011010110001000
1001111111001111000000010111000110111101111111101000001011000111
0110101010000100000000100100011101110111100000111000110010011000
0101011001010011100000000000101101111010101000111100100100001000
1111001101100010010001111101010110000001111111111110010100101000
1001001000110101011010101100000101001101110010111101011110010101
0100111000000110010000000100100111101011111000001101001010010100
1110000111111101011110001101100101111101111110101111000110111100
1010000001001001110000000000010000111111011100111000110110001101
0111110001110011001110101100010110110000010001101000110110000001
0110100001011001010010100001101010011001111110001100001100000010
1010000111011110110100001101011110000110011111010101101001000100
1000000011000110010101111001110111001110100111001011001111010011
0010001010001001100000001001001100101010000100111010010101001100
0010010110010011111100011100101111101010000111011101000001000111
0111010010100110110011100111001110010110010110100100101101010010
0011100011101100010110101001001100101010001011010000101000101101
1011011000111101101110100000101010001011011000010110100101101001
1010110110100000100111000110010110001000011100011101110001100011
1000101001001000110000100101100111100000100000011001100111101001
0101101101111001000100101000110010011101111011101111010101110110
0001010010010011010101111010001000110111101011100111111001011000
0011111010111011111110010111110110101100101011110001101010100000
1111011111000011100000000000101100101110000001100000110111010111
0111001010100000100001100010100111111000001011100110010101000111
0111100000100010000011010011110110110011010111100011010101001110
0111110111001001100011101001100001000001111101001011110001010110
0100000000001100001011101011100011101000011111001101101110001001
0000101101000100110110001001011001101001000001101000100111011111
0110010110111100010111100010101011111010010100010011001001000000
1110001111111001011111110010010100110110101110011010111110010111
0001011010010011010000111101001110101011001111110110111101011011
0110010100001001101100000000100001001110011110110111110001000001
1110010001000101100110011100110101010001000011100101001000101111
0010010011110011111100001011110110011000100101110000001101101100
0011111010100011011011010001111100001010000100001011110000110111
0001000011101000101111110000011011110010011011111000110111110110
1100110011101011001110111010101110011111100101101010110101001101
0100110101111101010101101000101110000101101101111111000001011000
0101111011110101100001111101101001101011010011111011111100111001
1101110110110010100001000110100110010101010101000100000001010001
1111001100110010001110101011101011110100111011100111000011100111
0101011000011110101110110100001000001111101111111011000001110110
1011001000001100110110000001001010010100111111100000010000100110
1101110011101100100111011110111111110010010111000101110000011110
0110000001110101000001010100000011001100101110011001100001110111
0001000001011010111010110100010011111111111110001101111010110100
1010010011001000110111010011100111100101000011010110000111001001
1000011010100111011000000000000000000000000000000000000000000000


