1011010010110100001011100100010001001001101010100000110101110010
0011001010111100011101100001010011111111110110111010000100101010
1101000001001101100011010011100000111011000001110011011000101110
0101111011110101111010001110111101010000110001111001010011010011
1011010000100011011100110111111110101001110010001011101111110010
0010000000111101000010101111110110001111011001111101001011100010
1000001100101110101011010110011001101111100110110101000001001110
0010111101010111000111000000110100011100110111000101111100100000
0000000000001010010100010100000100101000111011100000011010110100
1110001111010100000001100110000010110101010011111111000111101110
1010100011100110010011110000101100111011111010110101111111111001
0110010100110100001000000010100101010111001011011111110010100100
0000000011011110101011110101011010101101101010010111101001011111
0110110111010000011000010111100111010000010011100011110101100010
1111010100001010110110101011001111001111111000011111010000011010
1010111010001011010110010000011011011100010000001111000010111110
0001111011100101110110101000111010110010100011101010110001111110
1011011000000011001100110001110110010000001111111100101000000001
0101010001010010001010111110110000001000101010101110010100110000
0011011000011110001010001011011110010011010111001101000101000001
0110111100111011001011100011001000011100011001110000101001011101
0101101101100010100110001111100000101010010101001110101100000111
0011011010000010011110111011101111110011010110001010011001000100
1001000110100001000111001011011000000011000111000110000001110010
1001111100110101011001011100111101100100000000101011000110111110
0100000100001101000000011011101101010000110101010000101010010000
0011110010110101010001101001111111100010100000001001001010010010
1010100001111001110001111001010001000010011000001011010010101110
0000110001110010111001101011100000000101101111011111100110100011
0011001011011000111101011100111010010010011000110010010001101110
0111100110011000000101011110001110110101010110001001110111001001
1100110010010010000011111111111101010101111000010111111011101010
1100101000101011010100011001001011111101011100100100011010001011
0001011010110110010000011110100000001110100100010000100000110001
0000011111001100110101001010100010000011111010100110000101100111
1111100111101111111100010010101001000000000001010001000111111000
0100001010001010000110001111101110000110011111100101110011111101
1100101001000110100001110011101111000100100001000110111010010001
1001111001100011011001100010010011111000100010011101001111011000
0111011010110101111001110001001111011100111010011101010101011101
1011100011000101111100001011001001110111000101001110110001011000
0111100111110001110101001011000001011011110011110111101010100011
1011010110110111010111001011101111001110001111101011000001100010
0001111100100001010100000011001100100101001010110111011000000110
1100100111010101111100010001101001001100011101010001011010001111
0101111111111010010100101111011100100100000101000000001011011001
0010110011001000010111010001111110000111001111001010011011011110
0010111100011100001111101000111001000110011001101010000101101110
1001000101101010001100001000101110011100010110101000100011001110
1100011001010111010000110010101001101110110110000100010110111110
0101100000000100111010011110101011101111001100010010101110000010
1011011101101100111010101011111110101011100001011100001110101001
1101100001011011011101110111000000100111100110010101101010011111
0010011010011010011001011111001010000001111011101110101100011110
1111011110111101110000000000100111010000010000000110000101001111
0010111101000011011110010010101000110101001100101110000110110001
1100010010000001010111100100101111010001101000000010110100101101
1101000011100100101111110011100000000111100000001110101000010010
0011000100001101001101100110111000001011000110001101001001101000
0100011111000000001011101011110101011001111000010001110101010000
0011100101011100111101101101001001010110100010001110110011111101
0010101011100100001010001111000101100110010011111100001001001111
0101110101111001111011101010100011010101011011001101100100010011
1111110010000011010110011100100000000110001110000101001100110111
1110011111100100001010001111010001011000000101101100001100000001
1010101111001011111011000010101010101011100101010011001101110001
0000101001110101111100011111101010100010100000100101100000101101
1111100000001101011001001100011001010011001000100100011010100111
1010100001000011000001111000111101101110010001000000101110110101
1110001001110010100110110010111110011101100010011011010010100101
0000011011000100101101101100000001000010010110011001000010000100
1010010111110000111100010011110000111010101000111001011101101010
1000011011110011110100000111101001001001111110110100000110001101
0101100001101010010001010010101000100101001000100100111011001101
0011111001001110010101111001100101110010110001111110101000000000
1111100110001010101001101110110001011010001100110110101001001111
0111000000111101001101011010110110100111010000101101110101100101
1001000011110011101011110111101000000111101110010110110111111111
0011000110111101000001001001010100101000001111010011111101001000
1110001011011100111110000100110011100101110110000101001100100000
0110001010110110110001110001111100001100001101111011010001100001
1110111000001001101010101110111010010110001111010110001011010100
1101101011110100110000110111101110110011011111100111100101000011
0010001101101101010110100110100010011001011011010110100101001001
0110011001100101001001100011111000110011011100000000100100101010
1110001100110101001000110000010010111001111101001010001111100000
0010010000001110000011100010100001101011011001001101001010000001
1000111000101001000001111101010111010110100110101000001110010001
0000111111010001111101101001111001011110110100000010110100011100
0001010011101001000010110101110101000100011000101111011100000110
1100010111001010110001010101000101110000101010001001111100010110
1111111111011111000101011111101000100100001101101010010110010111
0100110110111110111100100110110110000111000100111110110101110001
0111111001100100001001110000011111100001001000001011010110101100
1011011100011011001011001011100011001010111101000110100001101001
1111010110101010101001100101100001101011110011010110001001110010
0101010110111000000011101001111111111100001010010011010011100000
1010100000011101010000110010100010111011110100101000111100110011
0110110011101010110001010000110001001110100110111101001111111100
0010011101010010100100111001000101011010000111111001010010110001
0111101101011110111101011110101100001110110100000111100001111100
1101101111001111010100001011100110101010110010001000001110011001
0000101011010000000111000010011001100001001010110101100100111011
0101011111011010100101111111001001000000010111101011011111010111
0110011010100100000100011111100111000001000100000101100000001001
1100000100011101100010011011011110011001110000111001101010110111
1100111000101010110100100001001000000000101000111001011000101100
1010100101010010100001001100001011001110111000111001000001110001
0011010011110011000100111011111101000100110011001011100001100011
1111101111011110101011011001101001011110001111110011110111000011
1111110000011111011000100100101110110101100000010110011011111111
1101011101110110001010111011011101101010001101000110011111001010
1110000010000001101110100011001011101010101100110000001100011110
1111010101110100111111011100101100101100100010000110001100001100
0000000010010001011101111100011010111000001110111100101000001101
0101101110001011100111101011011100110010100001110000100000011000
0001011001101010011010111000001000111110001011011010001010111000
0000100001000000000000000000000000000000000000000000000000000000


0110000100000111100001100101001111011100000100110010001011000001
1011010101001110000101110001011011011101001111110011001011100001
1100111110110010001011001101100011000100111001001111000110111100
0010111000011010100100000101111101110111101010111101100111101010
0111001011001110101100110010000100001101011011011011011000011100
0000001010101100000001011110011000111100010101011010011000111110
0111110011011110100011111111111011010101001010000111101111111101
0100111011101100010001000101000101001111011000110101011101010010
1100100000101001001010101101000011000110110111111001001010011000
0010011011000011000001000001011111110110010011100001001001111011
1011100010101000011000110111110001010110010100000111011101110101
1011111001010011011101100111110111000111111111000000110101111011
0111101110000010101101010011000010001010011110000011000011100011
0011011001001100111000010000110100100101010001000100001101010011
0110111011100011010100011010011011010010111011100011011000111000
1111100101010100101001000101010101011101010100111111110101010000
0011001111111000001011110101110111010000110111001100101000000110
0111001111101101011110001000100110011100011011000010001010110010
0001100010111011001000000101110010101000101000110011100010000011
0011011110101111101011011111100000000110101101100100000110010100
0110100100000110111000100100001000100010110110110100101110010001
0011101111110001101111111101011000101000010001101010001110011100
0000110010010111100011101100110010111100011101001101011110001101
0111011011111000111011100000111010110010101110010111001100010110
1101111111000010111010010100110100101101110100111101101010100010
0011110111011001100010001000100011001010001010001010101100000110
0001010110011000111100001111010101110000010110101010110111010100
0010010000000011101110001100001111101011101110011010110011111000
0010000010011011010001110000100100001000110010110101010110010111
1101011101001111010111100011001111100000000010010011000001000010
1001100000001111000110100110010011001111111010111000110110010011
0001100000010101101100000000101011100100100011000010111011100000
1111110000111011110010101101111000001110011001001001110000111001
0010100010000011111110000100011000000110011000001010011111101010
1000110111000011010101010010111110110110010111000000110000111111
1101101100011110011111111011001000000011111010110011110000000000
1001001001101010010110010100010101011110100001000011111010001100
0111011101011101001011010011101001010100011100111001101110111110
0011100111101110010111111010111101001000011101111111101111110100
0001100010101111000010101101010101001110011001101100011011011111
1101110000000001100100011111000000101101100101010101010010111001
1001100001111111111010111110000011111010110111101010100111000100
1110000111000010000101010010100001100010000101111011100001001000
1001000010001101100101111111110111100000001100011010000111101111
0011101011101001000111001101110000110011001001010110010000111100
0010001001000100100000010001110110100110110110111110111010110110
0111010100011010110110101101100011011111001000010011101110010011
1001010110001001001011001001011101001001011101011001110000110111
0011100010110001010101101011101111110001001100011110011110001101
0100000011111100000001100011010010111000001100101011001110011011
1011010111001000111000010111101111011000100010001110000100011000
1101111000110010111000010110101110010101011111100011110001001010
0100111001010000110000111100011111101110100000011111000000100011
0011000110101000110010010111001100100110000011001100010010011010
1000011000000000100000110100010110011010010100101011011110001110
1000110000110101111110111101011010110001110111010011100100001011
0000111011111100101011110001000000101100000000011011000100110111
0110000001010110101111001100100011001100001111110110001110001010
1001110111110101101010100101111110100001011111111001000001001010
1111100101100110111110000010110111111000010101001110111100110110
1000101101101111111111000010110000100101100100101111011001100010
1111100111011011010100010001101110101100001100101010010111101100
1001111010010100111011000101110011000110011001000001000010000010
1101011100010010001010110111111000111101011100000010001011111101
1100011110001110010100110101011101000111101100100011011001001010
1001111111111110110100100110111001111100110000101100001110001000
0011000011000110011110010011100011101100010011100110011000001000
1111011111100101001000101011100010011100000111100000100001110111
1010011010010000111001111110101111101000100010001100010111101110
1110111001100101011101100010101110100110111000100000110011101001
0110011010010110000001011000000010001001101111101101110000100100
1100111011011110001000111101011001100111010001111000100100110010
0111101110101000001111010010000100101110101011100010000101110010
1010000000001100001010011010000000101110001110000000101110000101
0011110001100000110001011000101011011001001010111010101101111011
0000110111100110101011110101010001111011110100110100110010011110
1111011101110011010111011001010011010011011101101011001110010000
0111110101111000100101111011111101100110100010100010010001000000
0111110111011110111010100101010011101101110001110101000011011111
0010111000001010010010100001010100100001011100100010000001000011
1100010110010000011001001001110010000110110100010110000101100010
1111010000000100011111000011111100001010111100011010000110111011
0011111011001100001110010101110011101000111010110010110110000101
1011110010111001001000010010011000110111101111001001010110011100
1110101001110001100111110001010010001100110111111001100011100001
1100010000010000011011110011110110001100010010011101011010100001
1010010110010101010000001011101001110011010101101000110110101010
1000100111000110011100100110101110010010100111100110000010111001
1111011111011110111000100110010010110101010000100001011111000101
0000101100000110100011001101100000101000110001101110011111001000
1011001111111110110111100110111100010110000101100111001000100101
1010110110000000010010000011111101001011011110010100100100110100
1101010010100000100101001011001011111110001011101111010000100010
0010000001000011010011101011100111110010011001110000110001001001
1010010001110110011011010101000011010101010000000011111001100101
1111101001011101011101110011001111000000100001101100110001001101
1011111001100000110011101110101000000111011101100111111011010100
1000110110001010101111011011000110001011110001100110001110011011
0110000010000010101101100111001110101000110011100101101011111110
0101001110111100101101111001011100000111001010100100110010000100
0001000100101011111000010010011101001000001101011111101101110110
1111000110111000000011101010110010111110101011011100011101111010
0111000011001111110001011110000010100100001111101001110011011001
1101000100000010000100100000101000110111110110111111100101011100
0101101111010010100011110101001001010011111100101010101001011011
1110111101111011110000001000111000011011010111100010111001101111
0101001111100000111000000101001101111011010111000010110100101000
1111101011001100111000111010011110101001101000111000110111010010
0001001101100010110010101011001100011010000100001111000110110010
0001111010110011111111111011110111100110110000101011001101000001
1010110101001000010001001111101101101110001001111100010010011101
0110011100110011101000011100110000111111010011000110010111111001
0101111111001110011011111000110100101010011000011111111110110000
1110000000111010110100001001110001100110001100101111011001110101
1110001111000011000110101101011010011100110001110110011001111001
1100001011100001100001010011111111110011010011100110011101101001
0101010100011001100100010011100111111000101101001001001001011101
1000100101000000000000000000000000000000000000000000000000000000


0001110010110001111110010111100011010011101001101010001011100101
1100001010011100000100111000100111000110011000100100011000111110
0111100111111101011001111011100101101101000010110110000011010000
1011110000110011100101010001011100011100100000100110011010100111
1101110100000001101100001100110010010101101010101101010110101001
1000000000101010001000110111010000110110001001100011011101010001
1011101110111101001101100011101001000110001011111000111001000010
0000010010011001010111111011011001110110010111110101101110010110
0110000101100010011011010001010010011110010010010101101000010011
1110111100000111111010011100111110010001011100111000110111110111
1011001101010001101100001100100111001001111100011111011010101111
1101000101111110000101011101010011110000110110010101111100010001
1110111111110111101011101010101011110110100011100011111101001110
0000011010110011100100001011110001010101011111001101110110001101
1001011010111011101110110110111101111101101000000000110100000000
1010000000000111000011100111110111111100101100011111110101001101
1101100100111110101011010000110000000110010001100110011001010110
0010110010001100100011011001101001000001100110001100001100101010
0111111111110111010000001000100000110010011101101100100001110011
0010100110110011101010000100110000110101001000100001001011101101
1001110110101000010111101001100001011101110101001110111000110000
1001100100111100101100010100111101010010001111011011011000101100
1001100001101001000100010000011001000110111101100100001010111100
1001010101111011010101100101101011111101110001010110111011100000
1011010101100101000011010111001000101010111001100000101001111011
1010001000101001100010010101101101111100000000010100101111101111
1110000111111110010100001011100001100111000101001110011000000100
1011101000011011000001111110001010110000101001101011100111001000
1101010000111001100100011010001011011001001001111001110010010110
0100101011000000010011110010101111010001110011000011101001011111
0001011000000010110111001111110110010001100100010000110111101101
1000100111001010000111101100110000110111110010011101000001000100
1101101001001100011000010001001001001111011110010011111111110010
1001001001010100001011001000001011100001111100110000110011100000
1101100110010001111100011111111111011001111011011011101001010001
1110101100111001011101001110101000101001110000011100000001101010
1000111000101001111100001000100110111110011001100010001010110101
0010110011101111101000110110110011011101100011111110100101111001
1010110010011110111010101010000000010001110111011010011011000010
1010100101110010100110110011101110101011011000110001000111110011
1101101001001100010000101101001110010001110111010101010010010110
1100001110010111101010001000000011011110011001011101010110000111
0010000100011011101100110010001010101010000111100001101100101000
0101001000111110100111010101010110000010111110110000101110100000
1001111101011110000100011101011000101011100000011010111101000101
0110001011101100100100010101111001010001101001101100001010000000
0100001000000000110101000011011111000101111110000010001101001000
0101000101110011100000000011100110011011111111111001100000101110
1010011001001001111000110110111010010010110011000010110110111001
0011011111100110001110110100100011111101001000110101101100100100
0100000100110110001001001000011100111110010110101010100110001111
0110111111111010010111101111011100001110010000011101111111100001
0010111000010110100001000101110100011011011101101100110010111001
1010010100101111001111010110101111110101010000001001011000011001
1110011111101010100001111111110101000001101100100111011110100101
1000111011111000110001000110011100110010000101101111100110011110
0110011011110011101110010110011101001101010011011000101010000010
0111010011001000010010101101001011011110111100011000000001111010
1011101011000101100111010110110000000000111110101001000101100110
1010001010101000010011000001110100100011110110010011010101000011
0000100101010111111001110101001110111101010000101010000011011000
1010011101100111000001100101010111111111101011010000110000010111
1100001010000000101100100110000100101010100110110000010011101111
1111011111110001001011001011000000001101110111100111100111111101
0110101001001011010001001000001110000110010001100101101000011111
1101010111000000000011000100111111000101001110100010011001101101
1101001111100010000011000100100110111110001101001110011011011110
0101011101100001111001011100011111011110001101100111101110011001
1000000101001001001010010110111000111010111110111011010011010111
1000101111011110000010000100011101111101111000111011110111101111
1000100101001110101111100111011100001000010101101000110110110111
0011101001111001111000110110101001110111000000011100000110101001
1011010100111010100001100010101100001001101000110110000011101011
0001111001000000010000100011010111100101001011011111010010111100
1000000100010110011001110010011000000101110001001101110001010001
1100011000100111000100000001101011101101111111001100100001110101
0000011110101101111001010001000100000000111000110010101110000001
0000001000011100010010110101110010100011011011110110010110101011
1111000110010100111110001001101000111010111101100111100100110100
0010000000100010111101101110000001100110100010101010010000010000
0010010110100011001111000011001111111010100101000010100001100010
0011111000010110000001100011000010010011000110100010011101110110
0101011100011110111110100001101001111010001110000101010101100000
1001101001100010110000001101100010111110000101010011101011011100
0110011011101011011000011000111100001110111101000111011110001101
0011000001001100010101111100100000110011010111101111101001100000
1111000010001110110111010110010001101000010000110001000001100000
1001100010011111000000101010011101100111100010100101000101111100
0101111100100000100010010000100011011111010110000011010101000111
1110011100101110111001111010100010010001000000010010000001011101
1100101101010110000111001110011011010011001111101011111001001100
1110001111111100100101010100100001101010111001010110010001100111
0100101000000001101000010000110011001000011111010110101011100000
1000001001000110100110000100100011100011101011010011000101110101
1110101000001100010101000110101011011110011001010000011100100110
0011010100101111100000010011111110000110010111010010010011111011
0011010010011110111101100100100011000001000010111111001000111000
1110010000011001001010000110000011000111000100100100010000111111
1110101110011001000011011111111110100101001000001010010110000001
1010010100010100110110100011100001001110100010010010100011111110
0001100001011101010001111000011110000100101100000100011110001110
0111101010001100011000011011000000010110110011000010101001001111
1100101010111100001101101110101000110011101111001100010000010111
1111011100111100110010010001010011010001100011111011010011000010
1010010010110100101001110100001011101001000000110111011001011101
1110101100110000110110111101011101010110001111001001011000001110
1011011101000100100111000010000101100000001000110101010110111010
0110001100110111010000111011010011111110000000100000001001011111
0111011111000101111110100111110111001110000001011100110001100110
0110100101100010011101001110110111000100001000000011110101110111
1000101010111101001001011110111010101011011101101111110010011010
0011100011001000001110101110111111100001111010111110010111100111
1101110101100011000110110110110000010110000101111010010011000111
1000011001001001111101000000100011010100011110100110000111010111
1011101100101000001011100100010110100010011011101001000111011110
0100001111010010100010111011111000000001111011001010011001001011
1101111111010001111101011001011010101110110111101000011011101001
1011110100000000000000000000000000000000000000000000000000000000


1000000100001110101111111010001101010100101000110001011110001000
1000000001010010101001100001111010001101001001010010010000100011
1111111000011110100111011010101110000000000111000011001111001101
0000110010000111111000000010010110010010001110001111101001001100
1001101110000100111011100101001010010010100011100001111000111101
1010011000001000110101001001000010101101011100011000010000110110
0110011110011011100010010010111000111010001010101001001111011011
1111010000101110111010101000010111000100001101100110110111101100
1010001111111111101000110111000000110101011100100110000110010101
1101011000110001100011101100101001101110000100010001111001111010
0100001100110011101110111100011010010011010011011000000101110100
1101111011010001011001101010111011101011111110101100010001101101
1100100110001100001111100000011100101000011110111101100011000000
1100010100100001101110101011010001101110110100110011000011101001
1101011111111001001001010001011010111011110100111110010000001001
0000010010000110101110111010101110011000111010100111010001100110
1000101010010001000000101101100100001011010011010000100010010111
1110100010101011011001001011100001111001111110100010011010111001
0011010111010001101011000111010111110000101100001111000010010100
1011011101111010011000100101000110111101111100000011110111101011
0000111111110011111010010010010110001011010110000101100100101100
1110000011101001110111001100111011011011110111100011100011010101
0100010010101000111110000010110001101001011001100101001111011011
0000100010010001111011111110100110101111110101011000100110110010
1010100100101010010100001111011001001100001011100110001111100100
0111100110101111010000111001011110100001101110001100011010111011
0010100001011001011100101010100000001001000001100111010010111111
1111000100101111001110111110000100000111100100001110100001010111
1100000101110001010001100101011001110000110101100010111111000101
0100111110111000100101001011100101000001100001010100011111011100
0100100011000101101010000111001110101010101110010110110001101011
1110100001111001011010100000001101110110100100010001100011101101
1101101001001101001000001001110001010110001111100001110100100100
1100001011000010100010001011011001001010001010111110010111000100
1000011101101011110111010100100000011100001100110101000011011001
1000111000101110010110101001010111101011000111101111011101000001
0000100011100100110111011100011000011110100001111110010011100001
0111010001101101101010110010101000000001101001000110000101101100
0101010011110100001010010001010010110000110000011010010100101000
0011000101100111100001001000100010001001100011110000000010111110
0111110000101011110101111010010011001001110100011000011111110010
1000000111111100010010000100010011000101100010101100001111011011
0000101011110101111010110101010101100111101011001001010110101101
0000100111111011001000100010000110110111000001000011011101101110
1011111110010110100110001101010110100111101001010100001011011110
1000000010110101001110001101011011010101011011000000000010101001
0110000111000011110101010010010110011110010001010001101111101111
0100111000101001100000000111010000001011100111011001011111110110
1001111011001111000101101000010111010000001100001011011111111111
0001010001000001111110101001010001101000000000111000111011101010
0011010001010001011000001110000010101110001011011111110000000110
0011011101001111101100110010000010010100000010010000001110101010
1010111101100110011111101000111011011111110000100101001110010011
0010011111101100111000001110000100001011011110011000110110000111
0010001010011001100100101110010101111110000010100110100000001100
0011010001110110101101011000110011001101001000010011000101101111
1111011110100111000100011100100110110000000011100001101101010010
1011011110110101110100001010111110010101101010011010011100011011
0100101000100001000000000010001101110000000010101000000100010111
1100110101101010100011111001000001010001100011100110001011000111
0011001001111010111111010101011000111100010011010100001011111111
1111010100011010010011110111100111110100110011010101110010101110
0111010000011100101101010000111001100001111000001111111110110111
1010010111010101100010110111001011011001001110001010011111101010
0000100011110110101011111000001011111000110000100010010000110011
1010100110111000011100111011000101000000101011000011101111000111
0010101100011010110001010001111100010100110011000110000101000001
1100001101101100110111100110111011110110010111010100001111101011
1111011011100111010010110111010010000111011010011101011111000010
0101110111010100100010101110101011111111111001001000111100100011
1100100110101110100100001111100000001011111111110101111010001101
1001101000100011101010011000110011011101001101010000011001001000
0010011010111110110111111100010010110011100101110101111101100011
0101101011001111100001110011100001011100101010100010111101010000
1001100000110011000111111011011000100001100000101001010101100111
0011001100010100000000001100100100010001001100101010100000101101
1010100011110101101101011101010000111111011110001111011111100010
1000000110110001011001011010110110010111111001010011001011100111
1110110111110101100000111001110110010011010110010101111010000010
0111010101011000101101010011010111010110010100100011010110101001
0110100111001011011100001100100010110111110001011101001111101111
0101001111101000100000111001101011110101000010101111100100011110
1001001010110100011110110111001011011100100101100100001010110000
1000011101111000100110100011111010001001011000101110000011010001
0000000100110111101111011101100001010111100000001001011111111110
0011100000001010011010000000001100001000011010110101100101111011
0000011000001001110111000011100100010010111010011101010110011111
0011110000000111100010100010000000111100000011000010011001101100
0011100101010110010111101111000000101111100010111011010110101010
1101011111010110000100101110100000000101100110000111110011101001
1010100010100010111000001001110111100000101111010011100111001010
1010000100011011001010011100011111000000011000010110100111100111
0001111100110100100111110011001101101101000000111100110101011010
0101111001100001111010010101100010010101000010000011101011101000
0110000010001100011101001010110000001110100001001111111011011110
0100110010110010100001111100001001100101111000100111000111010101
0100001010111101001010111000110110010101000011110110101000111101
1001110000100101111110111100100110100111110011101110110101011001
1111010110001111010100001001101110001001010101101101011011011110
1111011110111001001101010111011000101011000011001100001001111101
0010001011010110000011010100010011110110110110001111101111011101
0001000001111010010111111010001000100100100111101000101101011001
0101001110010100110001101101011001001100100001011101100100100001
0000110010111110111100111010000011000100100111100000111000010100
1001000101011000110110011000100111011100011000111111101011001010
1010010001100110110000111100001011100100101111100011101101110011
0011001011100001101000000011011111010100110000000010100100100011
1001001010000101010000010100110110001000001101000010001011101001
1010010111101001111111011100100011000110100100100000011110011100
1110110011110101011111110010000111110101010101101111010000110110
0110000111011000100100111000111010111011111110010110101010111010
0110011000110000100100010010001000011100110011110011110011111000
1110101000000001001110111001110001011110001011010001010001100100
1001011011000011000111001000011110001011000110010110111110110000
0000111101010001011100011000101110110011001100000010111101110101
1100111000010111110010110111110000001000101110111111101000101011
0101010010010110010100010111000011110110011101000011000101000011
1100010101000000000000000000000000000000000000000000000000000000


1000110110111100101010011011100001111111111101010001101110101011
1000100010100011101010011110000001110010001001001110010111111010
0011010111010111101110000011110111000001101011000000000001100011
1101010111000010100001010111001100011111110011100100101110111010
0011011001010010101001001100011011100011110100111111110001011101
1000101110000000111101100110010000011000110101010000100110110001
1100000011100011110001111110001011101100000100110110110011010111
1111111011110011101010100011000010110001100011010010111011010110
1001111100110101001100000111001011011111001000010000010011100101
1010010110011100110011101100000100110110111110011001111000011000
0111110000100011100011000000000110101011001100110000000001101110
0001000110001001011111110000001001000101011111101001000110100111
1100010101101100110111001100111110110001011000100110110100111010
1011110101110000010010101111011000101101001100101011000001010010
0110010111001110100000101101001101111100100000101101110111010110
1001000010000010010111011110110000011111011100011011001110100010
1000011100101100101000000100000010101110000110001110110111110111
1010110001101101100010011111000011101111001000011110000101010011
0000101010010100110111011011010110110010100011010100110011110100
0001000100011110100110001100011110111110000001000010101100110001
0111000101000100001001000100010000110101001100101011001010111000
1011110111011100101111010110010001101101001110111100010011010010
0000011011100101111110101000010000011010001101001101000000001100
1001001110111001101111011010100101010011000101100011111101100010
1011100100000011010010000101111011010110110001001101011100100101
1101001111001111001010101111110101111000001101110010110101010100
0001100000000001000100111000111001000101101101000011010111000000
1111110100100011000100100110000111110001001010010110100101011110
1001011000011011110001110001000011111011011111100110101111101011
0100001011100001100001100111100100111100011000011001000101100110
1010111000111010011010001000100111010000110100000010001101001101
0100110101011100111000110010110111101100110100101101111111010101
1010010001101000000100000010011101101001111100111110011111010101
0110011111001111111001000110011010101010011010011010000100100000
0001101000111010010010010010111100101101111011000101001110111101
1111010001011010001100110001100000101111001101010010111011000011
1000001011000101101101010011010001001110110100111101111011001010
1010010110110000110010110011100111110110100111011100011101110100
1100111100001101110110100011001000011000001011001001000000111101
1010001011011011111101111111010100000000001011011001011100111001
0001010101001011010010010001001010100110100111100100000011100001
0100011011010110001001100001101100001010000010101110111000011111
0101111000110011100111111101011000000110001111111100010111111011
0100101000100001010100110001100000000101010110010001110001000111
1000010100010100011001100110101111111000011111111010101101111010
1110000101110101011111000011100010100111110101100011000001100000
1011110111011001100000010110000011110010001011001111111000000101
0111110010010000101110110101100001001011001100001100100011010100
0111100001001100010001001100101001110100111001100101101011000000
0000000110101011111111000111000000011110001110110111111001001010
0101101010010010111000010110000000001110110011101101100000110101
0111111001000100110000101001100101010110110101011100010110100000
0100100111100010011010101010100111000111111011000011111000101010
0010100110100101101110100110011000111100111010010000001000101011
0001010100111111000110001000111001111110010110001110010011011000
0101101001101000000101011001111000000001100110001010100111100001
1000000110110111100010110001101011000110011011001100010111011100
0001010000000100000101000101010010110101101111001110101111001111
0110110011001001010010101010011011101100101011111000110010011000
0011111110101000101010111110100111011000110001010010101100010011
1111111010100111100101000101000001110101011110111101000110101011
1001101101010011111001100101010000010010011101101010001011110100
1100010001100000011100001010000000111100010010001000000111101000
1101011110010100100100111111000011011110010011000110100010000110
0001010110010010111000111100011010100000111110100111110111000001
0001001110101100010011100110100000111100101100010111100011010010
1001110100100011000011001111100100010010101110101101101111000011
1111110101010110111110011000011000110010100001100000010111010011
1111011101101010110001001000111011100001010111001111011001100100
0100010010011001101010111101111101100101101001100100101100111001
1000111101001100111000010100100000100111011010101101111011000111
1110110001100100101100110000101110000011110100010001110110001000
1000011011100010110111110011001101101111011101000111001100000100
0110001100010101010000100010111101010101010111000100111000011001
0000010011000001000011011000110010011001000011111100000101110111
1111110010110000110000001001010001110111110011101010001010100010
0011011100001110011001101101001111110111100110011010011100100001
1100000001110101101001000111000110001000100011101110100111110001
1101101011100110001000110001000111011100101101101000110101110100
1010010001101111100111011110111100101111100101111001011101110111
0000111000101100101010001000100000110111010000100011100011110100
1001111111100110010111110111011011011011000110001000111001010011
0000100010001010111000011001110000010000111101101100100111100101
0110110011101010100100101000100011011000100001010011000010110010
0010000000100000100100000010010100001000100001011110001100101101
1011010111110001010000010110100010111100100100101001101100100010
1101001001001101100010110000100000000111010110110001011110011011
1010000001101011101110011011100111011000110111001000001001010011
0100100000101001010010111000110000100011101001110110000001110011
0011001101110110011111111000011111111000010011000000101110110001
0001100000011000110000110000101110100110100011111001101011100111
0010001001100011010000101000101111100011001111001100011000010111
0000110111001000001101000100110110011011101010010101011111100000
0100100001000100100101010111100111110010011100000010011111111101
0011001111001100101110100000000101010001110101001011111100110110
1001100010101111101110100010000001110001010111111000100101101101
1010001111011111000010001110101010101110000010111000111110100010
0001110101010100111100011000001000111010101011010100110101110010
1001011101001011000011110010010000010011000000011110011000011111
1101010000011001000011000101010000101101000101110011000000000001
0000101000101010011001100011101101100101111101011001010010111010
0011101011010101101110010110000000000111001011000011110000011110
1011111001111111100011001010101011001101100000010111110010001000
0000101101011100000000011010010111011111011100000010101101110011
0011110110100011110100101100001001000010001111101000011100011000
0101000110011100001001111000101010011110110000010110111011011111
0010000100010010010001100001111110101111010100101001011111110010
1101010011100000101000111100011001111101110001111100000101011011
1011110110100111001010001011011001010101000001001100010010101101
1100011011000111101100010000100110101001100010111111001110100010
1010011001101010111110011100011000000011110011001010101101110111
0011000100011010001011100000011011111000101111111011010110011011
1100110100100110001101000000101010100111000011000011000000110011
1001010000100110001011001000001111010010110011100111011001010110
0101000011001101110100111100101110110011101100011110110110111111
1110101101010110000000000000011010111111110000111100111001110101
1000110111111010010101000000011101111000011000000001100100000111
1010100001000000000000000000000000000000000000000000000000000000


1010110010101000110010101110001010011100000010100110010011010010
0111110001000001100000101011010101000100001001010100011111110011
1001001011110001011001001111101110110001010000110110011000100100
0011111110110110010100100011111111101001101010111110100010010011
1011010011100000000000110111111101001001101100010010000101100001
1101000000001101010110001101010010001101011110001011110011101101
0001110010000101110011011010111100010000001101111011100011011001
1010011011011010101010111110000001000110111001011100000010110000
0000111001110001000000010100111100101010100100100010100100011100
1001001111111110110010110101011000111101100000100001000100001000
1010111011110111110011110011101111110000001100101101000101001110
0100101011010011101010010001000111111110010010000010010010001000
1011000110111011100000100011001100111011101111011000111011110101
0100001111100011110010011010110110010011011111101101100010001111
1000000000101111001100100110011000111001100101010110110101011100
0000000111011000010001011010000110000110011101111000000100010110
1100101101000010001111110010000001101001010000101111001011001011
0111001101010111011101001110011010100110001010000011100001111110
1100001100000110011110100100111101110110101100111100001000011010
1010011000010101111101110111010100100100100111001110010110101100
1111001011101001010010010110010111101011001111101111101110111101
1110101110010111000000100101001011001010011111000101000111111010
0111110111001000000100000010101111010001101010101000111100110111
0100111111101001101111010101110101011010101000011101101111011010
1100011111001001110001111100100000101001000100101101111010110101
1000011110100000110001111111101110011001110000001011001100000100
0011100111110100110011011111111000011101000001110001100001001110
0001010011011000111110011011101101101101111110100010010110001010
1011011110111101100101110100011100001010000111011000011111010001
1000110011110011010101000011100011100001011001110100101110101001
1110001101110010000001111110110110110110010110101000100010101101
1000111100101111001000000000010000101001010000111000111111111000
1010011111110111101111101010001101110111001001010010010111001000
0011000000101100000010111111110100111100100101010111000101110111
1011000010010010010000001100001000001110010000001111111110101100
1010110011010111000111010101001101101110011000111001010110111110
1001000000000010100100101001111110000100000111110110000111110101
1111011111010111101111100101101101010011000011011111110110001111
0001010101000110000100101101100111000110110001101111001011001110
1110011011001110101101000001110101101010111010110100101011011110
1111110110111110010001101101101110001001101011100100110000101101
1000110010000100010000011100010110001010000100110000100010001010
1100001011100100010101011101010100010110110100010001111011000101
1110010010011011011001111011100000001011110010011010001010101110
0011010010101011011101001001010100100110101001101000100001101001
1011011100110111101101010110111010010011100100100111101001110100
0100101101001000100011001101010110110111010101110010100000000001
0010110010101100001101001000110100110011000001100001101000010111
1101101111001100110001110101111110000001100111011101100110001100
0100000100101011100111001001111011111011010100100111010100010001
0110001001011011001010111010101010111101111001010001011000001100
1111011110101001111100111001100100101001010101001110110110111111
0101101010010010001110111110111000110000111011100100010011110010
1111111001100010101001010010001101101100100001110111100111101011
1000110111100000101111101000100000001001101101111110011010110111
1011100000110110110101010110111101110011100001010000000001110101
1101100110011011110010010011010010110100001111111001010011101001
0111011101010110011110001101011110110110011001100101100001000111
1110110100111010010011010110110110010101001111011101101000011100
1011001010101100101011100101111101011110101010111110110110010111
1001100000001000101111100010101010101011010010111010011011110100
0000100010100001111111110011011111111010011010000011111101001011
0101101010011100010101011011000101010111100001000101111100001101
1010000010010110111100101010111010010101010110110001100000111000
0100010101100001010110111000100100000010011110110011011110000000
0101101010011000011000011010111010100111101100010000111110010010
1110000101011001001000101011100011011100101101110011010001001101
0001101101000100100100000001111010111110011101100001010011010001
1110011001111110111111011100011000001000010011010100011001110111
1001101111010111010011101111000010011110110111110010001010010111
1110010010001110110011110111000100001011100010111011001010011011
0000000010110001101101010001010100001011100110111010001100110110
1100000101111010001101110100000010011100010110000000001111111011
0010111010101110010111100100011101010101111101001100001001001100
1111110101110001111001010100001110111100001100011010000011101000
0010011001000100001010100110101110011010011110000111100110011100
1100101110000111100110011101110111011101101110010000011010110000
0110100011110110010111100101101101000000110001001110110111100011
1100111110101011111011010011010110011111101100100100011110111111
0010111101011010001010001111001000000100101101010111010101111110
0110111111110110100010001001111001100110000010101100110010011011
1100110000010100001110101011000100011111110100011001101111100010
1010000011010100011101000100110111111000001011000010101101011101
1101111000000101100100001010010011011011010011001000000001001101
1010100100100101101111001001111110111000000000110011001011111110
1011110111011001001111110011100011010101111001111000110111001010
0011001111111100101100101011111101100101011001111010001000010111
0101010010100000011000011000100000010011000110010011000011001011
0001011001001010111010110101000101011100101011100001101101101101
1001110001101100001000011110101100001111000100001010110011011110
1100011100001111101010110101000010101001101000010101110011100101
0010001001101001100010111111110000111100100111101000101000111001
0000100001111110011110011011001000111111111011010110000100100010
0100000010101001000100111100110011001110001100111000100111000110
1001100011110001100110011110010110000101000111110010001111001011
0010000010111010001001100100011111000101110101000010111101110001
0100011111111111111010001110000101110011100010111010001011101101
0100110000101001101011101011110010100111001000111101010010001011
1101001101001000100010100111110001110101000101000011111000110011
1001001011011101010011000100101110000000101011001000000100001010
1000101011110100101110110011001100011111000110000110000011100001
1111101111100001010110001000010110101010011111000110011100100100
0010010101101110000111111101101100110100001100010101111011010010
0100000110011000000010001001010011011111010110110001010010111110
1101001011110100001011111000011011001011101001110110010011000000
1100100000110110110101110000101011001001011000000110011010000110
1010001110001001011110010111001101110111000011110110001100011111
1110010110100000110011101100110100111011101011010111100101111010
0011000010101001011011111000111000101101111001111111010111110010
1110000000101011010111100100010000010100010111000101111000011001
0001001110101010010110001000000011110011000101011110011011010000
1010111001011010000010000101001110111100000111001011111111101001
1100001101100100110011001100110010011010001101111001000101011001
1111111111001111100011010011011111110110101000010101110110011010
0110110110110001000011110101001100111110010010111101000111000111
1101001110001000001010000110101001010010111100101000000110011110
0001100110100100011110100101000000000110010111100000100100100110
0110101100000000000000000000000000000000000000000000000000000000


0110111011100001101010110001001101000000110000000100010100011111
0010010100111100100111011000001101101100111101111010110010011100
1010011010000110001101101101100110011111001110011010101111010000
1011010100111011101100110111011110011111110011000001101011100011
1011100110111000101011100011100010011010000101011101110100000111
1111100100011011100001111000010011010100101101101101110001110000
0011010011010010110110001010111000011111110001010010000101111110
1100000001111011011000110001010011010110101001100101111111110001
0100000111011111001000010110011110001001011010010110101010011010
1110010010001001010100001111110011001101010000000111010010011100
0001001010101111000001011001100001010111010101001010111110101100
1000010100011000000110111010100101101110111000011011011011010100
1010000101100011101101100101110001010101011011111000111100011000
1101111000100010111011011000100001001111010010011011000101101111
0011010010001100111110010111101011010100010011011011111111100000
1100000010101001000011001000110101100000110001011101001000001000
0100110101101000111100100110101010111110101001111100111111011100
0111010001110101101101011101010000101011000011000001010011101110
0000010001101010001101001011111101010100010000110010111011010100
1011000000000100110110101110111000101111010011001101110001000010
1010000010100001111111100100011000101111000111110010101010100101
0001001011100011100010110101110001111111101000010010001110101110
1101110101000110100110100010111011100001001011011110000111100001
1000000011100100010101001111011010111101101101100010011101110010
1001100001000111000111100110001101010111100111111001011101101010
1100000100101101011011010100011001001001101101111110110011000010
1010010111101101100001100111101011010001101000010011011110011110
1111001010000110110111010000110010100110110111001000101001111100
1010100010111110000101011101001101000001011011111101101101111000
0001000001011001100001000100011100000100011011010011100110000011
0111010111101011001101111011100101100100001010010000110111000100
0000010000000101011100101011001001000000111001111110010011011101
0000011111111100110101100111110110111100110000011000001011110110
1111010100110001000011000111001000101101000100101001110001111010
0111001110100101011011000101011111010001001000000101111100001111
0000001000100001010110010001100010000010010011001100000000101011
0011011111001000111011000111110100001011100011000111001011000000
0010010110001011110110011001001011000110010110111001100111011001
1010101100110111010000010110111000011000000110110111000010000100
0010101010011001110110101111100101011010010001101011100111010011
1001111000010000001100001100010111010001100010011001100111110010
1001000001011001100010101000111011000000010011011110011011001011
0010101100100101001001001110101010100001000010000110110100111110
1011010110010011110001100101001001110111100011101111000101110110
0101000100000111011111111100011011110110011101101101111001000001
1111101111010110000001001100010101000111010101001110111010110010
1000001110001100100010010000011000111011011010111001001100001000
1111110001110000000001110100110100110011011000101110000111100000
0100010111000100110100111011100010101011111111100101000001100010
1111010111101011001111010010010111100111000001010110110010111111
1000001010111111000011011011000101101000101110111110101110111100
0001000011000110100111010011000111000111100111101000111001000110
0111000000110101011101101111011000101100111101111000110110100001
0011011110011001010110100111111001110000100101111110111100010110
0100001010001000100010000101100010101101100110001111011111110101
1001001001001100100000001101110100011000010100110101000101111000
1001011101111110001010010000111000011011101011011110011000110010
1001111000010101100001010001101010111101010110011101001010100010
0011110100010010001111000110101001010000100100110011000100110010
0001100010101101000110010011011100000111101111110011110101111111
1101001000000101001111111011001111011010100010001100100101111110
1101001001000111011011101010101101110101011011001100001010100000
1000101000110110000100000100010000110110010010111101101011001111
1000010001000000110010001101001100110010011101101010100011001000
0000000111100001100001100001010001001100111001000000110011100101
1111010001001110111100010011010001010011101011110011101010111101
0011000001110010101010111100001111001100001101110100000011011100
1111010100001010000001110110111000011000100011110011101010010101
1010110101001100011101011001001101101000100001101011101000101111
1001010000001001110110000001101001101010011010100101010010110110
1110011111111101100101011100001011101110101110001110011010111000
0010011011100000110111010100010110001111101110101100000011010010
1010110000001101001101111101101110000010010010001001001110011110
1011111001010001010101111000110000010111011100100111011011111011
1111101001101100001010000001100000001001011000101110011000010011
0111011010101101111101111001101111011011111001010111000011110101
0101101111111100100000111010011000110100110010000111111111100101
1110101011100101000111000000001000000111011011101111010000111001
1000011010010100001111111011111011011101101011111111111010001111
0101000100010100010100110011000111000001100101011011000100110010
1101100010010110101010101010010001000111100000110000111001010101
0110100111010101101000011101100110111101100100001010011100110001
0101011011100110010001011111100001011000111011111100100111101000
1110001110110011010000110010011110101110110011001100001110000001
0000010100000111010001011010111001011101110110101100110011101100
0111001101001111110100010100101111001110011010011001011011011110
0011101000110010001100011011000001101111000000111110011111110100
1001000011001100111100110011111000011010011010011011000001011010
0010110011100100010000011001001011010000001101001000101111110001
1101110100011110010101001000100110000010000001011000010010110000
0100000101111011010111111110110101010011000101100111000011111110
1011011011101001010100000101101100111001011010101100100010101110
1010011001111001011001011100011010110010001001010110100011110110
0011010100001010000110011101101110010110001011001100101010110000
1011111010010010010000100111100011010110111010001110001111100001
1110000101111110110010111111000010110110000011111011111110100100
0000000001111011100111010000011011010110001001100001011011111101
0010011011101101011001001100101001000101000010101000111101010011
1001101100001111001011100000000101101101011011001110010011001110
0001001001000110100100010101100010001001101011100101001110101011
0110010101100001101100100100000011001011101111110101000101001010
1110100101101000110111011001010011110111000011101010000101110000
0111101010000110101000100101001011101001111110101000010010011000
1110011101011100110111101110101110111001100001010101101101101100
0101111100101101110101111100101000011011110110111001111110010010
1000000011110101101111001010001001000110100011110010110100001101
0001101001111110110010001011001110000001001110011100101100011100
0100001111010100101010101001010001100111011101101111100100010010
0001100100010011111111000001111000101010100001001010011000010111
1101001111001111000111101010001000110110111000101001001111100101
1000010001001100101000001100000000101110100101111101100100111110
1001100000100000111000110111000010001100001101101010000001011011
1010111110101100110000111000010100110001000101010010111101101000
0100001100001011111001000100011111111010101111011110010100110101
0110110110011001100010001001110010111111001000001101011000010001
1010001101111101000110110001000010101110111010010100101101011101
0010000101000010110100010101000111011111100010001011110110111110
1000110000000000000000000000000000000000000000000000000000000000


1011010001010100000110101000101110001011101011100110001000010001
0111011000000000100011010000111100111001101101011000001110101101
0110110101100001110101011101010110110100001000000010011010010111
1111111001110010010001010001100101000111011101001010010111000001
1111110101000110010001100110010011110101011010011111111100000111
0111100011101010100010100110001100111101110000010010111110101101
1101101101111001110110110110101001001011010111000111111011100011
1010001100111001100000010001111011011100101011101000001011000110
1000100000011011000111101110011001001001101011000010000110010011
0101110110111000001100101001010111101011110101001111110000001001
0101101011110010100010001111111000100010101100101110111001111100
1111100000110101011001110110000100000011000010001111110001001010
0010000001011010110001001100101100000000110011000010011101100111
0101110010100110010011001001010001111010000001101111000111010000
1110111110001011110111100100000001010001001101111111011110011000
1011111111110110011101010100000110010110001000000111011011100000
0111001001001010100111000001000000100110000100011011111011001010
1000000110100001011101111010101101001011110111101111001111011101
1110110111001100101011010001000001011000111100001000001010010110
0101101000010100111101010101100100000111000001100111100000011101
0100110000110001111011110001100110100010101000010100001010001110
1110100110000010111110001001101100111011110011000100101001011110
0110110001110101011011011011110010100111001001111110111001010101
1101101001101111000010010101100110110100011001110110011100011111
0000100101000001001011011000001101011101000100110001011010001100
0011110100010110011001000010111111101011000010011010101110001001
1010111011011011010001100101010001110010010100101000011111011110
1011101010010100100101101011101001000101111101111110010100111001
0100010000101101000101110001000101111100001101011111100001010100
1110101000000011001111111000101111000010000000001010101011111111
1000111010110011111100000111110110010111111010100011010011100010
0001011001011000101010101001011100001100110110100011010010010101
0001000011000100111001101001100100011011111000001011111001101010
0110001010100001100101010110111110111111110110011110110001101100
0110110111100101101001000101010011010100011101111110111111010000
1100101000000001000000100001111011011011001001000111100100000010
1010111111001110011101001110011000010100011111101100010011100000
0011001001001101001100110011101100000011011011100111100010100100
1010011110100111001111001111011011100001011011001001011000011010
0101110001110100011110110010000011000101111010010101000011010010
1000011011111010001000101100111011001010011110110001011011101110
0111000001001101111001100111011011110001111101000001011001111101
1101111100111011111101001111010100000010001011101100101010000010
1000011100100010000101101100001011111101110100100111001000010101
1011000111010011100111110100110111001011001110111101011000000010
1101000110101000111000000100111111011011001000110101100110111001
0010111111010100100100100100111011000011010011010011010110101101
1110011110011010001001100100101001011001110110011000101011100000
0110111110101011001011000011100000000000111010010001010101001000
0111100000101111011101101110000101101100101001010010000001000101
1010010100000111101001111011100010001100011010100011111010110110
0101111110101111101100001110100001001001001101000011011101101011
1100101010011110100111110100101010101110111100100111111010000001
0100111011110010100011011111110101000110001100010011101101010010
0110111000110010100101001110011010011000010000001111011010010010
0111100010110010000100101111111100110011011100000011000101110010
0011000110100000010011001100011101001110111000100010000001101101
0110011110111110011010010011101101100110101101000011000001011110
1001010011001011010011010100000000110111100011111000111010001100
0000100110101110111000010111100100011000100110001000101001000001
0000001111001001111001100101101001011101011101100100000110110111
1001001110111110000110000010010101001111011010111110000010101011
0101010110110011100010010011010111001101010100100001100001010101
1010001111101001111001100110000101011101000100001011001000100000
0010000011111100111101010100110001001001110010001000101111101100
0100100010110011101100001100001001011010110001111110101000111101
1011000000011000111110111000000011011100000000101010110001001111
1100010101100111010011000001010100000100011011011001110100011101
0111010100010010110110110000110000011111010001001101100101011011
0011100110000101000100010101100100110111110010001011000100001011
1100000111010111001001101101011110101101001000001111011011101000
0100110011000011101001100000010011010010011101010011110001001001
0100011110000001001101000011011010001001011101000110101011011110
1100111011111011111010001110010001100100110100011100111111001000
0111011010000100100011000101110110110110011000111111010100010110
1101101011100000100010101101001101011010000110001000011110011101
0111111101010101111110110011000110110001101000001110100011001100
0101101010011110001001001001001000101010110111101000100000011011
1011101111010010010001110010111101010111000000101010011001110110
0001110101000101011011011111000100000001100111111011111011111000
0000111101110100100000110010001011010010110111010100000111010101
0011110001111001001010111100111111011110111110101111100110011011
0101100010010110000110100010010101111011011110101000100110101110
1011111101010011101110111101000010010011001010011001111100111001
1010101010100100101111101010011100101110101000110010111100011101
0110011010110011111000001101110101000111111010101110110101000010
1011100000001010111101110001101001011110111001101001101000010010
0011000100100010000110000101100111100100100001101111000111111110
0010110011100011000010111000101001001001100001000101000110110110
1011110001000101100000000111100001111011111001011010001000011001
0110111010101100010010111000011111010101000010110011101011111011
0110101001110011111111011000001011011110110101001111100110001000
0100010111111011000011011110111011000011010011101111010010101101
0011001101100001011010001101010110110010110001010100011011111001
1001100000011110011111011101110100010111010010001111111110110010
0010000011000001111100110110100010110000000111001000001110101001
1101100100001111101100001011001001010011101000110011010010000111
1100110010011000101100111011011111111010000010111010001111101010
0010001110101000000000010100111100011000010001111011101010010111
0101100010110100101001101011110101110011111101111100101100011101
0010101010001001101011111001101000010110011100001101000101111011
0010101101100011010101001001100111010010010111010101110100011000
1000110101000111000011110001111100011100100111100010011000100110
1010001001001001001011011111001101110010010000010000001111101100
1011101110010000110101101001110100111110001100000101101111110100
1010000110001111110101100000001110010110111111000011000100010001
1101110100111011010010011010000111110011111101000000001010101110
1010011010000100101000111111010110010110011100100100010011110001
1011110100100111100011010000000011010100100011101101100000100110
1101101010101101111000100101000001101000011000110011110011101101
0000110001010000010100111000110111111110011011110011110000000010
1001101100100100110000010111110010000100111011011110010110011111
1010010001111110101000111111001101100100101110000111100111110010
1011110001101101100110010000110011011111000010010101001001111101
1000101010100000101111111001101000000011000001001100000111111000
1010101001111001101011010000001011100001111000001111000111100000
1010000101110111010101010111001110101001001000000010000001010001
1000001010000000000000000000000000000000000000000000000000000000


