1101100010000101011100000111100111100110110010101001111011000011
0110100010100000001100000000010001010011111010101001111000111001
0111111001010011101011011101100110100001101110001000100110110101
0000100011100110011011000011111011000010010110110010100100110000
0011010110000101001111110001101001001110001101101001101011110100
1011111101111100010011001011001111110101111011000010101010111110
1001001001111101111000010011101101001111100010100011010000100110
0000001011011110001000111111000100011101110100000010001001010010
1110101110000001100100010001010110011001001110000001001101000000
0011110001010001000100110011010010001100110000111010010010000010
1010100010001100001100001101110010100101001100100011100100111000
1011101001101010111000000010101011011001100111101101110011010010
0100010010000001100011110110011010000000100100000001111000101010
0010001110001000110110110111011100011101101000111000110100110011
1101111000001100101010001001000010101111001101011110111000001111
1010010101111011011110000001010111100110111101011101100100111010
0110101000110110010001100101000010101011011111010011101000111111
1110010010000110100101101001000001101001110010000100110101110110
110100111111111011111
1011001111100100000110101001010000011000110010010100001101101001
0111110001000010100011000000011001001101001000100101011001101110
11001111000011001110100010000111
0101101000111001110111100100010010100000111101111111011111010101
1000110110110101000011010101110110011110000110011111010110001000
01111001011111001110101101000001
0000010100100011001010101001101001111110100111110010001010011000
0101101011000101000001111000010100000001011001101011000011001111
10111111001110111111011011010000
0000101100110111010110011110111011001011111000110111101111010101
1101010101111110011110100000101110111011000011100000010011110100
10001101101011101010100101011101
0010110100000001101000001001001000100001000000110011100101101001
0011100000100110000001000001100100111010010010100000000011110100
10001100011010111010101100100111
0011010101100110101010011100111000001001110100000101000001010010
0110011100000001111111101101101011010001100110000101111111111001
11000101010110001000101010101000
0110101001110010010011101110001001100011111101101011111001001010
1100111010110100100000111101101010101011010011010000011100111000
10110111110110110000011010011001
0011101000101011011100100110100111100111100110111011001100111000
0001110111001011000111111010011010000110101010101000100101011000
00010100101111110101111000100100
1000101000101011101100011111010000010111000001111000000010011100
0110010010101001001100010100111010100110101010110101100010001010
10111010001001101101100100101100
0000111001101000100001100101000111100111001000000010111110111011
1110100100011001000001111111100000010110110010010101110010101111
00110000110000100111010001000010
1001011111101101100101100001001000101010110001101100101110100010
0101000001010001010100010001010011000001110110010011101011111110
11011100100010101111001010100111
0100000110011000001101100111010100001011110000010001011110110101
0001110111101011110000010000101111010001001011011110101010010111
10100100011001101001000100110111
0110000110001011110000101101110011000111101001001001100101111101
1001111001010000101000000011111101100100101101111011000110001010
01000110100110110100001111110101
1011001010101010010110110001101100100001001101100111011011000111
0011101011100010011100101011000000010000000101000011110110011111
00111001000110010010110101000011
0011001100010011001110000110001011011010010001001111011010111010
1111110101111100101000111001011111011010110100101100001010010101
11010000110101001001010000111010
1100110000011001001100110110101101010000100001010100010011111000
0101000111001011010011011000100011110100110010110010011110001111
11110111000001011000101110010001
1110100111000110111011010010101100011111111111011101011001000110
0000011011011100100000010111001000001001000110000100000010010011
01101000011101101001100010011001
0010111001011001101001111100011011111101100000000011110001010101
0001110101010010000010000001100001011110110000111110000111111000
00110010010010011111111101100101
0011011001001011100001000101000000011111000001111110011110111100
1001101010011111111100101011011011000010100000000100000100100010
11101000011101101111100101010110
1001110100011011101101110001100110110000011010011111011101100100
0110001000001001000010001101100111110111100101111110001110001010
11000001101110001110001000100101
1100111010000100101011001011100101001000110001000101101110001101
1110101010000101101010111111000110110011110010000100001000101011
00111101110100101111100001110100
1101111000100011101010011111001011000111010001101110001100010111
0110001101101001111011111101100101010100011000110010101010100101
00110011011001001100101010101110
0110000000111101110101001001101010010011101110011010100000100011
1111001010110001110010001100101001101001001000101000110010010010
00101111100001010101010110010101
1110011111110011000110101000101001001100110101100111010101011000
0100101101001101000100010001011111110000000110000101110110011000
00011000011110100010110010110111
1111110001101100110100111000111010000010010000111000001100111010
1011001011110011100101111001001011111100010011001001111101000101
00010011111011000101000001100101
1000101110111110101101010011001010100111011011001110010100000101
1000000001010011111110011100111000000000111000011111010110110111
11011111001010000001000110101110
1100011010110000010000011100010100000000011110101001111110001001
0111111001101100011101110101011100111010011111001010010011101001
00001101111001011101000011000101
0001110011111100101010101000101001100101101001000010001101000110
0100000001001010011011000001100001111111110000000011111001110100
10100000101001110000001101011001
1111001100110011000110110100001001100000000100011001111101111111
0000100110010100110101011101111111101001111001100000010101001010
11011010100101010010000010010010
0111111100110011011000101000000000010000000110010111001111000110
0110001110011101010001110100111011010110011111111001100111000010
10010000001000000100101100001010
0101111100110001000101011101001100110100100001111010100100010011
0011000100010011110100000000111101000101100010111011111010101001
01100001100000111010001100001000
0111011010000110011011010011001101000010010011010001001111110010
1101100000001001011110000110111100011000110000111011010111101111
01011111011011110011101101111101
1010001000011100110001000111000010001110100000111101110001000111
1100010000101101000010010101000101101001011000100110100100110110
01010100000011110111010001000100
0110100000001001111111111100100001011110000010001000010010100101
0011011010100000011010011011111000110011000001001100111100000011
10010100010111101111100000101000
0111001110011111100010011000100001001010001100010011011000101111
0000111110101011111110010011001001101011010001111111101000110101
01100000010111100110111111000011
0010010110100111010001100110011010011111100111011000001101010100
1010011011010110100111011000000011010110011111000010111101111101
00000100000111010010110011001110
0011100101010001111100111000001001010100011110010011000010100111
1001111011000011011001000110011010101111101010111000011100001101
10010110100100100000101001101010
0001101010111001000100011010001101000001001001111000100010001010
0000011110010111010110010111100000110111001010011110110101100000
11001011111110000110010100101001
0001110111000101111101101101110111010000001001000101110100101101
0101000111100100001111000000101010100110101110001001011011000000
00100011100100100101101110101110
0111110000110110010110110111110100100100011110010000100100011011
1101011010000000110111010000100110111111111100001001000011111001
10011101011010001001110101100111
0000000010111111110000110111010110001110000101010011101101010110
0000011101101111101111000101011110011110001000011100101111000101
01000010011010000100001001001111
0111010111101100100000001100100111111111110110010000110010111001
1101100001101110001110111111101000000110011000100011111100111000
11011011111000010110000111111011

