1001111101001100101010101110010011100111011101101110110000000010
0001111101000100100011010001010001101111001011010111001011101000
1111110000101111110011000000110001010111100011010111100100111101
1001001001010011110000011101000111001011010100100100001101001100
0010000001000110110110101000001001011001100011110001101011010000
1000110000010100111100000010000101110110101001000100000111111001
0000111000111001011111111000001000100110001101001001110011001000
1101001111000010110011110011101001000111111000100101101100001000
0100101010010000100100010011001001101110111100101101001010101010
0110110001000011001000011011101111001010111100100010011101110101
0101001100010000111111010011011001100001101110001000110101101001
1010100001111000001000100001001010101111011001101100110001000110
1101001011101010110000111100110100101101011111011000000100110110
0111010101001001110010101101000011110110111011011001000111010010
1110101100111101000001101010101110101000101111010010001111000000
1011010111000111011110011110111111000001101110010001110001101000
1000110110110001101011100101110011110101111010111011001011000001
1010000000011001000001011001001110011010000100000100011000001110
0101110010110101101001110011001111000110101010111001111001011111
0001111100011110110101111000011010010010000111100111001101111100
0110101101010100100110111111011110001010001010001100110110100001
1100010100001111101011111010100011010101110100010100010001000001
1011000011011111001011001111111100100010100111011111101010101110
1011100111111010001000101111011010001100100111011100010011100001
0011111010100101101011000100001011000101101001110110100001001110
0001111101101011001000100000101000101110001101110111010110110011
0111100001110101111110010001010001010101101110000110000100101011
0000011110011101011110111110111000100100011001100111100101000000
1011101100101000001101111110101011000111101001010010100100010101
1010110100000111001110001110000001101001010111001100111101101011
1001001101000011111001110001110000111110000100110111011010110001
0010000110011110111011011011110011010110011001110110001001010110
1110000111100000001010001110001110010000110000011000001000110110
1010110100001111100101000010100111110101100101101101011001111111
0111001000111100101000101110000001001011000100001000001110110000
1101011110000010111111010000100111000100000101111100101100001010
1010110110011011010101001011001101001011000000101000111110000111
0000110001000000001111011110110000010010001100101001000011000010
0011111011101110100011000000111110011000111111011011100101011010
0111011011001101101010001101101100101101100001101100111110111101
0001110001100101100111101011011000000010011110000001001011001010
0110000000100110000010000011111000101000101110100000101100010100
0101111000000110001101010111100100010111001000100000001100101101
0001010101011000100010011010110010100001110001010000101100110100
1001010010101000010000110011010100010011000111100000011101010010
0110011000110111101111011010111001100001000110000110110110010110
0011011100100111011101100011001101101010001111011000010011100000
1101110011000100001011110111110100001000011111001011001101111011
0011011001100111011011110011000010101110011101011110000000001010
0100010010011011101111000110111011101101010010010011011110111110
1000111011010101110110001011011010010101111010111111111000110100
1100001011001100110100011100000101111111111110101011111101110010
0100001001100100100101000110010100000100111100101000000110111111
1110000111010011000100010011100101000001000111111011010101101010
0111010110100100000011110010100101100110011101101100100010110110
1001101000011010001000010000111011111101101011010100001011111110
0111111100000111001000101111011011000101011001111010001110100111
1111101110111101110101111110000100000000001101010010100010001110
0110001010111110010010011001011110001111001001110001101000110000
1100111001011100001111110011100100101110001110111101111110111000
0100001111110110101111000001101011010011000001111110101000010011
0001011010011011000110010000001111001101010010110101100010100101
0111001011001000010111010100101111110011001110101111100100100001
0100110111110010111001100101010111001011000110100111111110100101
0010010110010001111011011011110111111001000000101101100100001001
0100011100100101110010011101110110000000011101011100010010001000
0111100000000001110010011011110011010011101000100100110101110111
0010100011101011000111111100101100110110100011011010010111111011
1001011000110011110011101010111000101000011000100100100011100000
1101101111010100111000000011111101111111110111100000011000110001
0110011101001101100110111100100101001001101011001110101101110000
0001001100000001110110010111111100011111101100101101101100100101
1100000011011000100110111001000101100000101001111111100000011010
1010000100010010100100100011100011010011101000000010001001011001
0100011110000101000101110000000110110111011100010000001001011000
1100110101110101001010010111010110101101111000101011011000101101
1101001100010011111010001111100011111010101000111101100000110100
0111011110001001001111110110101010000010100000110000111010111011
0010001111111011000001111010011011000110100000000001111001001101
1001011010000000011111110011111110111011101011110110001111101010
1011111101001101110000011110111010110101101111100000010110100001
0001101001011010010001001100011000101110111010110011011111010011
1111001011100010011011101110111011011101101110111100001011100010
0100011110101100110000001110111011011100111100110010011001100000
1110111111110110101111011101000111110110010000111010001111100000
1111010100010101110101100101111101010111011010111010111111000100
1101011001000100100011111111010010100011110010011011111010111111
0011001111110100010000100101011000000011111100101000010001111110
1110010001100111001000110001111101000110000000001000111100110100
0111100010001010101010111100011100001100001111000111011110001001
0010110011010110001000000100101011011100100000100101011001111110
0000111011110011100110100100010010011101100011010101101100010001
1001001001011000101011000001100100011011001010101011000111110010
1011110111011111111010001011001101001101011001101101010011001101
1101001100010100000011011111011110110100100010010101101000010111
0010111011011101001010011000100001101000110001111000010010110111
1010010011011111011111000010011001010011110101110010001011011010
0010100110110110000101110100000110000010111000100011110011000000
1101001000111100011110010110111101100001111111100110011011100000
0100111011000100111110001110100010010110110110110110011100010011
0011101000101111010000101011110101000001000111010111111101000011
0011111110110001011000010100011110110110010101110000011100001111
0110101000101010011000011100010000010010001101110010000111000110
0110010010011000011001111110010011111010110010111110010111010000
0010000000101110110111001000001010100010110001011100111101101010
1100000001011101100110110100111101010011100110110011000000010001
100000101101011111101110101101
0001110010001000000000111111111111011100001100011011111100001111
1001011111001111010010100000110101100100010001011111110000101101
1100010001101011101110010011010100000101000001100111110010011100
1010101000010100101001000000111010001100100011111110100100111010
1101100000100101010010110101110000010010001010101110001101111110
00011110011010100010011001000011
0001101001110010011101101100011100100111001001100000101000000101
1100111110110111000111000010001101000110010101110011111011000110
1100110011111101100100001111010101110001101010101000110111000111
1011100100000111010101100010100011101111111111100000001000001001
0011111110110000100100111100111111110101010010001110011110001000
01010111110010111010101100101110
1001011111101100100000011010011101100110101010111110001010110110
1010011101101000100100011110110010001111101011101000010111100111
0001011001000000101010011011110100101111101010010011111011001101
0011010001100111111000001101101011010111011011111111111011110101
1100000001001110101101101000001110010111011010110000111000110000
01111011001100000111110000010101
0010110011000010110100111011111001110100100010000011110100111101
0110011100110001000110110010001100101110100000011110010101111111
0111001111001110000110011101100110001000000011001011100100001111
1000000011101110001010000110010101101001101000000111010111010010
0101000111001010001000110100000001001101111101101100000101111101
11010000111101100010001110110011
0111111100001111011100111110100101011010011111101110000100010111
0000010000100010110100010001100110011010101000011000110010011110
1010011100101101100010000011101000100001000011111111001011001101
1101100100000100000100000100001111000001010011101001010111111100
0111011101110111000000111111110000110001111010000010101001011100
10111101110010001000100011011011
0011101010100110101010011111000110111010000000101010100101100110
0010001011011101110000000101111111101101010111100101101001110111
0011111000101111001100101000100000111101001111010110000001011001
1000110001111110110100101100100111000100101111110011000001100110
0101110111011011101101101111000110101011001111111010011110100100
01011001110100000110001100101000
0101111100010111100001101000110100010010000100100101000010011011
0101100011011011000001000010000101000100011101101100011101100101
0011011011100111110000110001111011101001011101000110011111111111
0010101001010010101100101111101110101001110100010100000000001101
0011001100111101110101001010000000011010111001111000000101101101
01000000101001001011111000101011
1101000001001110010100001110001110001010101000110001101001010111
0110110010111110000110000101000001011001001000011100001011010110
1101111000110101000001011011001001100101100100010101100100110100
1001001101100010001101101111101010111011010000100100000011111011
0011010100100111111111000010000010001110000001111010110101111110
11111100011100100100111001010110
0111110101111101010111001000010100101011111000110000010011101001
1110101010111101100001011001110111110001111101010100010110001011
1001000000101010111100000101111010100010010100011001010010011110
1011011010010000100000101111111101100110011101100011100010100000
0100101110001110010001110001001110000001000111001101000110010111
11000100000011001101101001010011
1000100110101110111101101110101011010100101000011001011110101000
1011101111001010011011000100101000000101100010001001001111111001
1000001010001111110111010101001011100101101110101000111101011100
0110010100101011001011100111001110011011001110110000010010000100
1010100010111110001000000011111101011110001000101110000010101010
11011010100011011011111001000100
1111010110000101001010000011101111001101111000000001000001110010
0001010001001010001000010101000000000001101011011111001011100101
1000001010111010110110001000111010101010010000111101000000101100
0011110010000000110111000100111010110010000111100001011101111010
1110011000100100100001010011010111010001001010110100111001111111
01000011011001000111011000111000
0010100110010110001111100110100110110001100101010101000010000010
1111111100110000101011111001010101110111001010111110010000100010
0111000110000011110101101111010110010101000000110100100111111001
1101111011101110111110111101001110001110011000110111011011010111
0010110101101000100010110011110100100110000010100000100110011111
01100110001100001111111001101000
1101100010000011101110000001101000101000100010100100100101010001
0100110001101001111010011101011000101100000110100010000010101110
1110111010110111110001101111110111000010100111011001110010100000
0011011010111001010101110010100100110001010001111110110110001011
1010100110000101011101001101001001010111001101001110010000001001
11101111010001010100101101110000
0010001000000101010001001110111001110101101110000011000011100100
0000100000101010101110001100000010101101011000110011010101011010
0010011101001000101000111001000110011010101010001011111010101010
0011001101110100011001001101000110101110001111001010010101100001
0101110111110001000001100000010100110001110100100111111001000101
00110101001000111001000001111111
1111010000111100100001000010010101101101011001000100010100110111
1100100110100110110001110100110011110011001010011100011000111110
0110100110101001110001101100000100001010110111000101100011111110
0000000101010011111001110010000010000000000100001110000111000010
1010000111010010010100000101110010110110011111110011110110001111
01100001110110100100101011011010
0000000000111000101000000001001011111010110011110000110001011010
1100011100000111000010010011100010110100001101100001011110001111
0001001000101001111001101111001011111110100110100001111111111010
0001111100001010100000011101000001111010100111010000101010001100
0010010011010111000000111110001111011100111000001111011010110100
11000011100011001011111101101110
1101001001101100100110110111011000101011000001101101111111100010
0001101101100001011011010100010000111100110001001111001100001111
1101000101001000111110100011010110111100011000000001000000111101
0110101000111000010101001011110111001000000110001100110101011111
0100111110100101000111100100111010000110010101110100111110000010
00001010010011100001110100001011
1100011111011100010101011010010111101110111100001100001100000010
1101100101000011111100111011000010101111010001011111010001111000
1101110100110001110111101101111100101001001101111110101100110000
0100011100001000101011101001001001101001010011001000000001100110
0111000100001010100100100010101101000111011000110111011101100001
00000010000100011110011011001011
0011011110000001101101110101000000101111000100001110101100110101
0000010100111100001001011010011111101110000100000111111101110010
0110000010110110110101001000001100101010100101000010110100100001
1110010100111111111100000000101010011001111111010001011101000100
0111101001110001100000100110010001010001010001101001001000011000
10110111000010111100000101111100
1000001111010001110111010010001101000000101010010011010010011000
0010111110100110110011010001101011010101111010000111001110000010
1110100000100010101101001011000001001101000101011110111110000000
1100101111001100001000010101101010111000111110111010100110101011
0010001010001010001010010000001000011010111111010100011000110001
10011111110110000001001101110111
1010010111011010110111100101010110010110011010011001100011010110
0000110001101001000110011010000010101101111101011110100000000010
1111100111111100110100111101101000101101101001000110100011111100
0111010100100110100010011101111010110101110101111001011111110100
0101110111110001011101000010001000010101000100011010000001101000
11011100001110001101001100101100
1110001001010001100000110001011010001100100101110001101010011110
1100101011010101000011000001101101010010110010110101100000011111
1111111011010100100110100000101001000001001000000111100001001000
1110101001010001010001110000110111000010011010101000100000011011
0001000111101110010100010111110001110101001001100101010101000101
01100100101110011010010100010101
0100011101001011111010000011100000010011001010011110000110111010
0101101111100110111101101001101111110010101100101100001010110101
1001001011001101111101011011010111101011100001011101100001100001
1101101110011011101110111111010010010111111100011110111100100101
1110000010111010100011111000100011001100000110010111000101111111
10001100101011000000110101111111
1001101001101101001100110011010110101010100011100110101001000010
1110011010111011101011100010111101101101011100011010101001000011
1101010111011010101000100110100101000100000000000101110000001111
1101100101111100000011001100110011000000010010011010100110001100
1001010110110100111111000110111111111111000110001001111111110101
10110100110001001100111110110111
0000011111100011001011011100101111111110101011101011110000010001
0000010101110110001110001100011000011100011101000100000100011101
1101101000100110111100100110010111100011011010001000000010100000
0101110001110110011110100100111010011010110000001110011111010000
1011100111110100001001000010111110001011001000110011000001110111
11010011111110000110011001011011
0000110011011100101111011100110100011110100011111111011001000110
0111111100110110010001110100000111011101011010001111010011101100
1101101101010110010001011101001110011110001001011010110100110011
0011111111110010001100000011100000111000110111000110100111000011
0010001011000010011111110110010000100111000001100000110100110000
11110001110100111101010011011100
0100010110000110001111011110011110110101010101111111000101011011
1110101111101010101100111110000000000011011110101110101101001101
1010101110001110101011101110011100001100100111100001101111001101
1001100000001101110001110011011001101010000100101010011001101010
0101000000101010101100100111100111001011100000101101101100010000
01100101110010101011100011111101
0010011001000011100010010001000100000111100010111000100011001111
0000001111000010001111111100010010001100100111110100100011101100
1000001110011001001101100011110110110100001000000001010101010111
0111010000100101111011000001010111100111101000101101111101111101
1110100001011011010100101100111011110101011010111101110101000101
00001001111000100101001011110010
0001000111001010000111011110111001111100010100001011111011111000
0010100000110011100011101011000110100001011010111001101100001011
0110110111111000100101011100101000110100011101000011100101010000
0101110100000101010101001111111001001000001111110111011001110010
1100001010101100111011100101000100001111110110010111011100001100
11000011100110011001101010101111
0000111111000111111000111111000110011001010011000001010110001101
1110010111010011001111111000011011010010011010110110000010100000
1111110101000001010100110111011101011000110100101011111110011111
1010001101011110101011000101001000110110110111101001111110110100
1011101110000000011111100011111111010101111001101000100001110011
11100101100101111110011101101000
1110111000001100011000110010001110010011000101101100011000100111
0111000110001010101000111000001110111010101001001010101001011001
1101010001010111010010110101000111010100100111010000101111110101
1011111111101010110111111101100001001010110101111001110011011100
1001110100000011010001111101110001010110011000001111110101111100
11001110111111100101010111101110
0011101011111110101101110100000110011010001010100111010010111010
0000111110111011100111010000010110001110000101000001111010011010
0011100101001100001111110100110100000001111001001011000100110100
1110010101111011000011000111100000111101111010100001111001111001
0110111000011000110010110001001000100010001011011001000100100111
10111010001100001110101001110100
0100001001010110011010011101101100100010010001101111100111100000
1011010000110001101101111100011000110111101011010000101110101110
0011010011101010100100010010110001110101111100101101000101110100
1101111010100000101100111010000100001100011000011100101010110111
1110001000100101001001010001011000000100001100100010001110101000
01100001111010100111111001110010
0001111000100011010111111100011010011010111101010100100110100001
0011100111111010100010011101000110100111101010101011101010110000
0011101011010011100011001101101100101010001111000010111111001011
0010111111110110001010100000111010111101011100101101110111000000
0110000000101001101011001000000111010100000111110000001101101100
00011000011101111010000111011100
0101110101100001111001101101110101101111010100011000111010000001
0100011110111110111000011011111101101011000101001001001011110101
0100001101101000010010101110001010011110100100101000100010010010
0000100010010000010011001010000001101010101111000111011111111000
0011110111001110101111001101000011110000010101110101110011011111
00101010111011010010110001111100
0100111000001000000010010111000110011000111010110000001100101111
1100110000001001111010101111011011011111100110010011001111100111
1111010000001101011110010111101001011101100011111111101001101111
1101000111110111111110000111100010111101111100110001101110100011
0011001001011001101111111011001010011011111111001000000111000011
01011010110100110111101111011000
0101010101111011111011100100100011001011110000111000001110010111
1110011001111100110111011100011101101110011000000011111010111100
1110110110111001110100111010110100011110101000010101011110001010
0100010010111110010100011010000110011010000000110101110000101000
0001011111001101110011110100100001001110001101111011110110101110
00010110100011100001110010110110
1011000100011111000011100000011001100110001000000100011101010101
1001011111011001001000110101001000010100100110010010001010100110
1001011110000111111101110100100001100100011111101000010001010010
0000101110110010000101011001000011000001100010001110011100101010
0101001010101110110011111000110010000000110100011010110100000001
10111011000011001000101000011011
1000110101011010110101101110001110000111110110111011111000011000
1001010001010100010110100001101110010000100110011110010101010110
0111000011010001000110100001101101000011010000110110011111110001
1100100111111111110001101011111011001100100000000110101111110000
1100101010111110000010101001010110111101001100101011110011010000
10000100101100110011111111111010
0101100101000010111101001111110110011111100110010101111010100011
1001101101011110000111010110100011011000011110111111010100000101
0111010101100110011011111001010111110101001001011010111000101110
0000100101110101011000001001110111001101001111001101010011010000
1111100101100000111001010011001100010101010011001101001110110100
00001100100000101000001000100000
0100111010010100001111101010010001011100000011001000110010001110
1110101000100111000111011101001000011000000100000100110100001000
1010111001110101011101000111111111111110010101110011101111101001
0111000111011011010110110100111111110011100100100110011100100011
1101100101111010010000101000110011011100011010101000010111111110
10100110110010101011010011100101
1001001000100001000011101110101000010010001100101001011000000110
1101001010111111010011000001111010010100101100100000001010101010
1001011011000100011110000100010110100110011001011111001110011110
0000100101100001010010110110100111010100111101001100000001111010
0100000010100111001111011101010000000100001110100101111010101011
11011111000100111001111001110010
0010100001011001100110000000111011100011100010000011010111000101
0101010000111101101001011101100100111101001111011001111010111111
0010010011011111101000101001010001110110110010110001100001001101
1111000001100100101111111101001001110011111011001101001100010101
0001001100010010001111011010110000000001100101011101000111001110
01111010001001111000111110001101
0101011111111110101010100011110110110011000001100111001001100011
1001010101001101101011001010001110101101010000111001111101100000
0101101100101110000000100010110010001010010101111101100000111110
1000100100010010000110100110111000010001001011001011011100110100
1011101100000100101010100001000101010101011100011011001111110101
01001110111100101111000100010011
0110011110010111110010110110001010010001111011011001100110101100
0011100110101111100011010111111101100110001010100000011101001011
1011001110000000010101000101111110010110010111101011100011001010
0011100111110100010101111110101100101100101010000000000010100100
1111010111001001111011000001000010010011111111111001111010101000
00010011100000111000010100010101
0101000110101011101011111101111010010000100110110000010000110000
0010111010001011000011100000010110101101110111011001110001100000
1011001000100100011111110011010100101001011010101000110000101010
1101010111001000010110011101001100011011101001101110010110000001
1101110011010110110111110110111000001110011100001100111001001001
01000101101100111011110000000010
0111011111100001001001101101100010000100010011111111001111101010
1011110111101010011110000010110001010010100111011011101111000011
0001110000111100100100111010010011010111111110011100001100000100
1001101111011001000011100001001010100110011111111100001111011100
1111101010010110000111100100100111101010001111010001000110111110
1100010001011000010000101010110010001111000000000111011001011001
0100111100000100001011110101100001110110011101111101110000001000
1101001100010010110000101101110000000110001001101010011011011111
1001011000110011101110000000111100011011000010110000000110001100
0111111111110101000111011110100100111001100000000101010010001100
1111111101100111011000111101110110100110101010001111110000100110
1111001010111010011101010010010011101010110111100101011101000001
1110111100100000000011100010000001110110111011110111001001100110
0011110010011100010101011100101000100010110101101100110011010101
1101111110010100000001111001001010011111101010110110011111110000
1010110010101011000111101100010101111011010011011001101000110011
1100011100011110111100011101101000011011100011100010000110100011
0001111011011100000001110011110011010100101010111110001100000010
0111011001000100111101111011011000001100111001010111110110100001
1110110001110110000000110110000111001111110001110111101010011001
0110111110111101011100001001011111110101111100100011110100001111
1011101001011100100001110000100110110110010100011111010010100111
1111011100111111000010000110000111010000111101110000111100110100
0101011100100100111001001101001000001000001101010011101000001101
1111000100010111111110010110000110100111001101010101111011100001
1000110011000100110000111000101001110101010110000001010101000101
0011000011100000001101101010110011011110110000100101010111101100
0011111010000110110101001010010001001110110011000000111111000000
1100110111111100111010100011011011001100101001000001001000101010
0110000011001100010100000001110111100101111011111110010010000101
0110101100100110011010100110010001111001110111110100011111011000
0111101110100011001011110101101111000100001110100001001011011110
1011000111101100110011000100111001001111100100110110011101010000
0110110001110011101011000110010111000010000000100110010101001001
1101101000101100010101100011011000011000111010101110001101101101
0000101001011111000100010100101011001011001011011101111010111111
1001011010111011101101111010000101110111001111100010110010001001
1000011000100011111110101110111000100100010000001101111100011000
0011000111100110110000010010111101011010101010000000101001000010
1000100110111101100011001111010100101110001010100111100010010101
1001100010100010110000100110000010101001111101101011111011101110
1011100111001111011110011100111011100101000100110110011001010111
1011010101000111110100000101001000010101000100010001111010100111
1001001001101110000100010001111010100101101010011001001111100111
1110000000110001100001110110010110000111100100011010000011100100
1101110100100000000000010001110111011010101110111011010111001000
1110001010010010001100001100011100001101010001100100011001111100
1000101010011001001100001000100011101001100110001110001000110010
1101010111111011010010010001010101010100011110110110101100101000
1101000111101001010011100011100011111001110111101100110101010000
1101000110100000010110000001100111011010100100111010001000111111
0011000011010000110100111100110111010101000000010000001000011111
1100111001100101000101010010110011001110010100111011010001010101
1000000011110100110010101111100100111010100010010101000111010000
1100100101000010111001011101001010110100011001100011000101011101
0101011000111000110110000011010101000001000011000010001000100000
0011101111100010111111111100000011100011100000000100100010001010
0101000110111011110101001001101110011010111010100110100111110000
1000001000011110110101001111010011000000101111110001101001001001
1001100110111011111011101000110000000100110000001100100000100000
0101100010011011011001010111111111110110001100010000100111010100
0110101101110101011111010100000110101011100011101111001101111000
0110111001101101100000110100101101110110010001001110000111111111
0111011100011110110111110001101000010011100100011100001010000111
1111111001011110111001110001111110001100100111000110101010110111
1010010101010110110011101001000100010000001001001001000000100101
0011111100111100000111110111000110111011011100100101001010000010
1000000010010000000001100001010001111011001001010110010100000001
0001001111111000110111001100011010101100111110011100100111100010
0011100011100100010001111111001000011000100111110100111111101100
0100000011101110010111001010001110100011101110001010010110000101
1110101111000000100101010001101010010111011011010010110100111111
1110010110101111111010001100111111110010011011001011100101101101
1011100110000000000110010110100010001111010101110101100011000111
0101010000000010011001110000000101100101110011001000111111110111
1000110010010101011100000111101111100110100011110010110010110101
1011010001101000110011111101111101101001100110100101101100111010
0000001000010001001100111010100100011000010110111101010000110010
1101110010000101011100101100100111101011011010000111000110011101
0001011000000010101010100110001001000100101010011000100010011101
1010111010101110111111100110110111101110010001001000010111100000
1001110011111000101111100011100010101011010001001101010111010011
0001010000110000110111100001110100000001001101010010100010111000
0001110000110011011110011111010011010110011101011000000011101101
1100101010010110110101100111110101010110010001100000010001111001
0100111001010011010000000001110111010111101011010000101011011001
0100010011111000001000011000001110100110110010001001000101011010
1011000000000011100000000111101100001110111000000110011001001101
0110001001100110010101110111010100111100010010100011011110110101
1011110100010110110010010010101110001100110100101011111010111101
1100000001001010111011001111101101001100001101011100110110110100
1000110110111011101000010011010111110010101101100110100101011111
1010101100100000110011000110111000111001010100110111110111010101
0000111100010110011010110111010001101001101111111000011100110101
1111001000011011101110111000011010011100100111111101011011110000
0011001100110110111000110101010110111101001111111001001011001111
1010000001111010010001111011100011010100011000110101101000000111
0111100001011000110101101011000001110110101111001001101111110111
0100000000010101011100011100000110111010010011100010011100000111
1110100100101001100100000010010110010110101011001011100111111001
1110111001001111001011110100000110111110101000111100011100100000
1010111110010110111100000100101010000001110110100110110011011101
1111111000100010000110010011011100111001010100010111100111001011
1111010101011000000111001111000001101100111111100101010110010111
0010000000111011010010000000101000101101110100000011111110100100
0011001001011000111101011110101010110000010011011101101100001111
101010010011011100100000001100
0011101010100011110001000111101001100011011010100101011111001000
1010110101101001001100110110101101011000101000011111111011111101
1110100011101111010000111111010010011001000111101110111110000110
1100100001101111100011011101111000111100111010011101000110011100
1011110110000001101011000101011011100110000101110011010101011101
00010001010100100101001011110110
0010010000011001111000011110101110001101001000011000101100110000
0011010111000000101111100110011110110100010111111100000010000010
1000111000100010110101011001111100111100101001100001101001001101
1110010010101011101000111101101110001101101101011101101010011010
1101001011010010010011000010110001001110110100101111011001010001
11101001100101000011111101111100
0100001111000001010110010000101010000011001111111111001111011110
0110010001010000101001010110010011001110000011010100110010111101
1110000111100101010000000100000000011001110111111110011011001001
0000001001011111010100000110101111010011110111011010100110111111
1001011001110101000101100000110000111110100101010100001000010111
00001000110111010011111100000010
0011000011110110000001110000110001001110100001111000110100001000
1001010000110010010101011110000101111001111011010110110101111000
1011011101010111110000101110001010101000101000010011011111000001
0111001101111100111101000011011101101111010110110101010100001100
1011110010100000100111110111111000110000101010011010101111010010
10000000010110000001011100000010
1000011001010000110110110001000000100100101110101111011010101110
1101000001111010000100110110101110100011100000010001000010111100
0101001101010000000010101010101010011101110101100111000101110101
1101100101110010110000100110101111011101110010011010011110010011
1100101110011000100101011000001111001111000111101000000100110100
01011111100001011100010010101111
1101101110110100000111100011110101100010111111101011111011101001
1011010000101111101010101111111001110010011110010111101101110011
0100111101010101100110100111110111011001100101000111000100100000
1011001111111100000010110101001101111000000010010101101111010100
0010110001000110010011110001111100101010010111100001101110000101
11110000010100000111000001110010
0101011101000001110011010011011111010000000011111000110011111001
0000100100101001010000001101100001110101111111101100111111101011
0110111111010011011100101110000010100100111010010011110110000100
0111011010101001011110000001111000100011011111110011010111100001
0100111111101111010101110100010010011001001010011001100010001111
01100001010110001010100010110100
1011100111100101100110110001100101110001000010001111010110011000
1011011000001010011000001001100010100101010100011010000111101110
0011000111000101001011101100001000101111001101011000001101100010
1001011010111010101010010101010011001111101110111101001100111000
1010111000011101011111011110000000111110111101101011111100001110
10011011110101010110010101101011
1000011110111100111111101000111101100011001101011001101001101110
0111110010101011100011100110111101100111011000111000111110010010
1011101100000001110111100000101110000111111101010001011100111100
1010111010101111011101001101101111010001100000110111100100010010
1001000001100110000111011001110101111000001110110001110001100000
01000010001100000010100110000010
0110110001100010111101110101110001010110100110101011001101101100
0010110000111101011111110010000100101000101110010010011000000011
1111101011100011110010111010001011111101011101010111011011101001
0010100110010101011010001111111100011110010110010100000101100111
0011110010110111101101111111001111100011101010111110011000011101
11001000111101001110000110001111
0010111101111100101011001110001010001011001011001001010110111110
1011011000100100000011111111010110101100010011001110011000011111
1110000011010011101100010000111001010110101000011011110000001000
0110101000010001011100000110000000100111110001011100101100000110
0110110001110100110011111001110111011101000011110110000111001001
00010110111100001111010101011010
1000101111110001100011100000001111110101111110001101000101001111
1010010111010111001001010111111010010101110100111000111010010111
1000001001001011000010100000011111001100111100011000110100000001
0101101110010001101011110110100111001010110000111111110011011011
0001010101000001110110010011110111011010000001110000101001000101
10011010000011011110110001100000
1011101100011001111000001110001001111001010000110010111010011001
0010001101110110111101111110001011101010111011000010011010011111
0000000011011010000100000001100101100011111010011111000100010011
1110101101000011101001100111100011100010101110010000110011000110
1100000011111001001101011110010011010011001010011111100000110010
01101110110000000010001110011100
1000001110011000001110010001111001110111111100110101110110101100
1010111001100101110100100101100100111010001101001010110101010111
1001111010110010110110111111010110101110001000001111110110110101
1110101001101011010011000000010011111111000011010011000111010100
1010110001001110111010001100001111000000101000001001010000011001
11001010100011111011001101101000
1100100011101111000000100011100011110101000100111101010110111111
1111011011100000110101011001100111001110000111111001101111101100
0001100001100101011111010000101010111011110101111110111000001101
0110000111110111110100111001110000010001010111111100101101011111
0011010111110111100100111111010001011011000111100000111000100110
10110001000100001011110100111111
1110000101110001000001101000100001111110000111001110000001001000
1111111010111110010100110111001101101010101001110111011111110100
1110111001001001011110110110000101011110110110010110000000100110
1000101000000000011101101001111000100000111101010111110110101111
0001100001110001110011110011011100101110001100100100001001001110
00000111110010001110011011100100
0110001011010101001101100111000011011001100011000110110110000011
0111000101110010001101000000100001011101010000100001001000000001
1000101110001100111100000100001111110110010110010100000101110010
0101010101110011011101111011010100011111011010110010011111000111
1110001000100001100000011010100010010010101101101110101100101110
11001011000011010001111000010011
0001100111011001000011001010000111010011011111110001011100010000
0101111100101111000101101110011010010000011100000101101001110000
1101101000100111111100111101110011011111010101010000101111000110
0100100110000101100011010000110001100011001011111000110011111000
0101001001010100111110001111111010110001011010000000111000110100
10000100011111011000101011100111
1101101111011010001100001001000010101010011010111101101011001000
1100011000000010000010011110101011111000110010110000101110111011
1111100101101110000101111010010001111010111100001001101110010010
1000010011101001100101111101001111110000101110101011100100100100
0000111011000101110001100000111011100000111110100100010110101001
00111011000000100110101001010101
0111101011011101100010001101000001001101100010011100000010010010
1000010110110001101010010110000111111111010101111011000101010010
0111111000000000010010101010000100111110011110101111110100000011
0011010110101010101010100101100010100101000011100110101000110000
1000111101101011000011010110101001001100011111011100011000100101
11001000010111100110000001011101
0011110110011111101101101000010101010000000010010001001001001100
1110011000110111111011101000011001000010010010111000100110000001
1001101110101001100101010101111010111011011011000001111001111110
1110111001101000101000010101101101001101011001100110111001100000
1111000110011000111010010110011000011111000001101101011001011100
00100101101101101001010010000101
1011111110100001111111110101010100000111001111101111001100101101
1010011101000111111001100001110011100111111100010011110000111000
0011100001001000010001010000001100001000001111111100001101110001
1011100111011010110111010000110111110100101010101101110010111100
0011101111111010001001001011111011110000010101010001101110100110
11000101000001110011001110001110
0011010001101100000000011100011010000100001101100000001100110001
1011001000100101111010011110010110110010001010100000010111111111
0110100110000010110100101110101000110111100010011011001000001110
1101111010101111111010100011100111010010111001101110001101111001
1101000010100011100011101101001010110011010110110010011101010110
00010110110100100000000111100100
1110111001100001100001000110110111001000001111100011111101010111
1011110101010100110101001010100010101010101101111010111001101010
0110011011111011111111010111100101110011000111011100111011101010
1001110011010010000010111111001010000110101110110010110000011101
1110001101000101101010011101010100011010000001101001011011010010
00110101101001110001010100010100
1010110011101010110101100101101111010001000000111100111110011010
0101010100100110010100111110010010100111110011011001000111100000
0011111100001100110100011111111111111101111111100111010001001000
1101000101111001101101101010000000000011011010100100000010011101
0110000111001110100101111111110011001100001010101010110010000100
11001100011010111111000000110111
1001100101001101000000000100100010111000000111010101011010000010
1000110100110000010110101101111001100100010101010100100000000111
0011001000101010110011001100110000000010110100001001111010101111
1000000111100000000110111000000011011110000111111000001100000001
0010110010011001000011110110011010101110101100001110001111001001
11100011010010011011010101001000
0010001101010110011001110100011100100110110000011001000010111011
1110101100001110000111010011101101010000100110001011101011111100
0111110110101111011111001111111010111101011001111111110001010010
1101101111110000111111100100101001100010111010110010001011000011
1011001010011010011000011100101111010001100101000000011111100101
00100001011001100001000111010011
0101010010100010111101010100100001001110111010100011011011100001
1000110010011010010101000011101101101010011011000000010001110111
1001111101111000101010110100111001001001011110000000100001101111
1111101001011101101101100100110011000010001001000100010111000001
1111101110110001100011010110111101011011101010110100010100000111
00000101011101001110011011000000
0001011111001000110110100011111100010000111011000000010100101010
1001110000101111101110111101000111010101110000110100011100100000
1100101110011010010000110000010110000010100110000101111110101011
1000100111001110001110111100000110100000011000001111110001000001
0100011111110111010011001000111101001000100000110100010110101110
00000001100010001100010000111001
0110011011010101110100101001100010000111001110101001100101110000
1110010101000011100001101101100100001010011100110110110101101110
1010111010011011101000011011010100111100011110000001010011011111
0011000011000100010000010001011110010111001101000101101100110100
0001000110011011000101101011101000010110111100111011001101010001
01101111001101001111001101001011
0010011101110000001111100110111001110001110100100100001100010111
1100011011111011010101001101011000010000100010001010001111010010
1111101000100110100100111011110111101010011111001011101100111000
0111100001100011001001101011011101001001100000011010100100111011
0111111110010001100000010001100001111010011001010010111111111100
10100111101001001100111100110110
1100110111000101100001000111010111000001110110000000000100011110
0100001010010111000111001110101100101001010000001000101110100011
1010101010011001001000101011110010101010011010111010101000010010
0111011101001011110000000000011111101000110011001010010100011011
0010110010101011010101001110101001110000100011011000001111001100
01000010101100101111011110010010
0111100011001001111011101111110101001111011011101111110010001111
0011111010100000010101100011011110100010011110111001101110000000
1101101110101011100111011100111011001111111100001001100001101100
1100111101110111000111010100000011100001010010001101100100000001
1001100000111000001000110011010101011010011111110010000000110001
01100000110011111011000011010111
0111110111111100000110110010000101011001010111101100100111101101
0110000111001001000000011110000000010001000111001111011101000110
0110000100100100001001100010111101010001111101010001110000000010
0100110010110011110011101111001100001001100010010001101000111001
1111111101010110011010001101011000110010100011100100010101110011
00010110100100001010111001000000
1000001111000010011110011110001110110010110000111011111110011010
1000111100111110101111111110110110111011100111010010100101010011
1001110011000011101111100000101101101100001110010101011110110001
1101010101111001101010100010101000101111111010000101101110000000
1110101010011100100001110010000111010001101111101110001010110101
11111100010111001001001011001011
0111011001100110011111111011111010010000111000101101011101100011
1010010010011100101111111111000001101011001010001011011001000111
1111011001011111010111000100001111001001000101000010011011001110
0101001011100010100001110001100010111000011101110100101110100010
1010010010000111011111010011101000101001011101110101110101101001
01100011110001111110110011011010
1101111100010000100101101110000100001100000101100000100111101000
0011101010100110001000101000100110111010011001011101100010010000
1101011001011110100010100001110110000000111011011010101110101111
0000101100111000010011111001101110010010001001000100011110011110
1110001010000100010110011000110010100010011100001010011000000110
10010111001010000100011101101110
0000001010000111110011011101011011010011000010001110101010000010
0101001011000001000100011111010001110010001011101001000011001011
1100000001111111000100110001010011001001000101001001100001001100
1011111000001000101000100010000110001011001111110100100010111000
1110011110110000001011010100000101001110110100110001110110000001
11101001111000110010111101010010
0011111101100010111001000011101000110010111110100100010111110110
1111100100010100001100000100011111000110011111101100110001010101
0110101000110011011010001011110011101111101100001001111111011010
0010000101100110110110001101101000011000111000111000100101110011
1100101101010111110111010010101100111000100001001001111001101000
10111011100111110011000011111100
1100111100011111000110011111100111100001001100010001000011011101
0010101101100101010010001000110000101101011000111101101101000111
1001000111110101001110011101111101101000010000100110111010111000
1000111010101001000111110011001101001111010010000011110110001001
0001001010001110111010000010011101111100101110010010110100001000
00100011100001110000111101011001
0101101111001001001000000101110000001010001110110010101011010111
0011100110111011110001110011000000011001100011111010110010011101
1101100110001101111011101011110001010011101100101010111110101000
1110001110011011100011000100111111110101001100010100110101011011
1100011000100100100100000010110100010100010101101001001010100011
10000010100110101010101001010100
0011111000100101111101011010001100010010100110011011010011001010
0000110100001101101110011111000101010101010001011000011111000110
0100001100010010100111011001001101101110011000000101001110100100
0001100101000110110110111110100011010100111101011111111110010101
0100010111001000011110010011101011000101100111001000110111011100
11101000101110001100101111001011
0111100100001110000011000101111001011000101100100111000010000101
0000010000101100011111100111000101010010011110111000001011010000
0011110011010100000001101010110100001001101100110111111100111101
1111111110010110011001001011100111101011001100110010011111010101
0001001011010001110101010100100000011110001010101101001000001001
11010010100110100100000110000111
1101110001111111111011100111001010010001101100011101001011101110
0101101001110101100001110010001111010001011001001011010101001100
1010010101101001001000101011010010001011100101011111110101000100
1000010000101010100001011101001101101010110000001101110110111110
0101110010001000100011110110001000000111111100101111101110111110
00010000000011001100000101001100
0111000000001100011110111011000010100010111010011010011111000000
1100111110100100101111110010110110011111001010110100100100000000
0111000001010011111110011000010101001110111111110101010110111101
0011110100001110111001001111000100100101011010001110100000100011
1010101111011111110000001010010111111001000011010111110110001000
01010000111001011001001100100001
1010100011010011111011001010000010000011001001110001011000011010
1001011000001000001010000011010110000111000101111111100110111011
1000000011000111000000010011010111101111101000110111111001011000
0100001101000101110001011101110001101110101111011110100001110000
1001001010001000101100101101111100101111101001111100100100100110
11101111100101111010101001101100

