0100110001001001000011000010111000101000101011010101000110110010
1000000001100001001011111011101010101111100010111101111100110000
0001001011100111100010010011001000010110000111001000011101110011
1011010010011011001101011110100011010001001000011110011011101011
1101011010011000100111111000010001111110010111110010110111000011
0101101011001101101000001011001010011111011100011000010111000010
0011100101010011111011000011011111100000110101101000001000111001
0010001111101001110000001101000101111000110001100010100000101000
0100101011100111010010001001001100010011011111011100110110110111
0100100010100111101110101001111110110000111110011100101110101011
1100000010000011010111110011101000011001011100101101001100111111
1010111010010001100001111010110010010011100000001011010000001100
0011001101110000101100000001000001110000000011001110110111000001
0111101010010111010000000001001011110111000111100010101000110011
0010010111000111111011100001110011000101011111010010101010000010
0100110101111000101100100101111100011111111110001001000001101101
0001100010110001110110011111010011010101000111010001001000000001
0101011011000001111011001011111111011001010011111101011011010101
1000111010010010000110101001000100010001000110110010010011000110
0000111000001011101001000000001100101111011000100010101011001011
0111001100000001111110011001110000011000001011100111010010011000
0000011110010000110011000001000111010111111110010010010111010100
0110000011001000111010110010110111111000001111111010001111011001
0101010110111001010111011100111100010010101101010010011011100011
1110001111101010110011011110111011010010110110100000100010000000
0101000101110100110100001110110111011111001100110101011010111010
0101111000100000100100010010011000100000100110010011011001011111
1101111111011011000001110101011011010011111001101000010001001111
1100011001111010100111000100100000101000010110010000010101100111
1100111110001011011110010010110110011001101101100001000001100000
0110100001010101110101011101010010110111001100110110110111010110
1001010100111011110001101011110000100011100110010111110000101110
0010010100001001000100011101001001100000111000001100000110111110
1011111110110111100001010101001001111000010001000001101001101110
0000100101111000101100001001011100111101110100000001100110100010
0010001011111000110100001011110110010010000110010111011001000111
1000101010111010000111001011011111010100110111100101000000010110
0110001011110010110000100010111001110101100010111001010101100011
0100010000001011000111100010111011100010011101111001001011100011
0110100000110010110000001111000100011000010001100001100010000101
1101000110000010101110100011011010000100101000110010010011110000
0110101001010000101101000101001011111101111110101111010101101101
0111010001111101111111001011010011010111101010010001001100010001
0110101000011101101110111000111001000001110001110000011101011100
1010110010000101100110110101110011010010011111001010010111101111
1011000111000001100111101010001010011100111100100100110111101000
1111110001000101110010110111010000110000001100011010010110011010
1111010001110011010100101000011010010001110000000011011000111111
1001100001001011100101101001101101001101001111110011001111111001
0111001000011101110111100001011100010000011111111001100110011100
1010010010100010100111001010001011111001010010001000001000110001
1011100000100110111110110000111111111110010001111010100010100000
1001111010001000110110110100000011000110010110010000110000011011
1010110000101101101010001011111101110011001001011110101010011011
0011110001110010000111010100101111000101111110001110111000001101
1011011011100111011110001101010110111001000110000101101000101110
1001101100110010010000011011110100110110011010111010110101000000
1101011111001011110010001101111101001100100000101001110100101111
1101100111001110010110101010100100011111000000111100011000011010
0110000001010010010101001000101101001001011101000100101111111101
1011101000001010000000111000010100110111011001110011100001011111
1101000111100100100011110000001000010110010101110000101011010110
0010010101010001010000010011001110110011101011101011001100000000
0011010011101100000000110000011000110010100000010011011110001101
0011100010101110111000001100011001000001010000111010111110101111
1101001001100000000010110001011010010101010010101001001010110011
0000001111101100001011110110111001001001011000101111110000101111
0010111101000000011010000110010111100011001011010010001001110010
1111011111010101000001011100010001010100111111010100000000100010
0101101100111001100011110110100001000110101010011011100000000000
0100110011000011101000000100100100011110101111001001110001101000
0000000001111001101110000100110011001011011010110100100010011000
0010011010001111010111100001111011111111110111011111101110000000
1110110100101011100101100100001100000100011100111111100110101010
0100101010011011100011000100110011111010111101111001011011111000
0000010010100001001010101011110100010011100101001000011001100100
1011010011110111110001100000001001111001101011000000010101000011
0110010110011100100000110000110000011100110010000000011000011010
1101011001100010110000101011001101001111011010011001000110110001
1110001110011100110000100111111000001100111001010010011110111111
1000110010101001000100000100001101111011110100111101111101011000
0010110101111011101111100100101100010110011001000100101000111101
1111010000001111110111110111011100000010001100111000110111111101
0101100000100010000101100111101100101000011101111110100101111101
1010011010110001011000001100000101010010000000100101011010110001
0100011100001000011010001010011110001101000010001100110100110110
0100010010100010010100101101110000010010001001000010011000100001
111010011011
1111011010110101101101100001111011011001100110010111000100010000
0011000111110001000010100101001001100000000111110101010001001110
0010001011110101110101101110001101001111001000100000100000110000
1010100001111110010111001110011011010000101011100010101011010000
10110101100000110001101110110100
1111001011110001100000010110011010101011111101011101100000100101
0101010000110010101110001010100111001110010000001110101011010100
0011011010011000111010010000100111110011011010100011100001000111
1100011111110111100000001110101000011000001111110100010111100011
11001001110111010100110001110011
1100011001101110101001111010111010111010011110100101101001110111
1000000001100111111111000010011101111100101001000000010110011011
1011110010000101100010001000001010010001111111110101011001101010
0100010000100111011110100101011011011011101110010010011110110010
10001100101000011010101010011100
1000011011000010101100010000000011010000111010010010001111111110
1101011001100010000001110000000000101000101110111100010100111110
0000110100111100011110100011011010000110110010111011100010011110
0010101000010001001110010000101000101100000110010011011100111101
00001101001111110011110010100101
0110100101111001110101011000101010000100110001001010000011010000
0100011011111100101100011101001011011011110010110101010000101101
1000110000111010101110101000011001001101001100110000011101010011
1101010100101010110101001000011010001010101111100110001011011000
01000100101111101111001111010011
0101100110111101101110001010111100110110101011111100111011110100
1110100110011001100110111011100100011010010111101101001110101010
1010010011011101001000110000011100011010101001100110111001100110
0011100011111001101110110110010101010010110001100010101101100010
11111000011000001100001001110110
1010111101010111000010011111110010110101100000011101110010010000
0100010001011110011110101000101111010000000110110111100001111100
1100100011000111101011011100110001111001001000110001000011110011
0111000010110101100001001111011010101010000110110000101001011110
11111011010101101101101110001100
0001110011111100000000011001111011000011011011110011110000000001
0111111100011010001011101110111101000001000001111011101110001101
1111101110110110001110010111000100010010000010011011100001001101
1111010010011100001100010101001010001010101010000110111100111011
11101011111011000010001010011100
0010100100101100001010111101100010001110101010011100111000101101
1101100011111110100111010100101110010110100110000011111011000100
1001101011010000111011101110011011001111001101100110100111001001
0101101011011000000000011101010110010001000111111100101011100000
00100011001000011101010001001000
1001001010000101000010001101111101101110000111011110010100010100
0100100001101001110011011111100001000011001111000110110111001000
0011101111111011001101000010010010101011110100111000101001010101
0111110100000101101101000100011110011110111010100010101010111111
11011111010110110011000101011110
0101111111000111000110111011000101100000110001001110011100101011
1101011100011100001001110101001101001100010100111001011011001001
1111100110100101011110110010011101000101110001110100110101011111
0111011001000110010100000111010001000011000101101001010011010100
11110101001001010110101010010110
1011101011111010000110010111001010001111001011100001001000011011
0001001010100111001000010100010100000111110100011101100111000110
0101010011111110010001101110101010000101010010110011001100111101
1100100110000010101100000001100010110101101010101100011011101101
00011010100011000110000010011111
1100100010111101001001001100000010100100111110100011110110111010
1010101001111001011000110011001010011100000110111001101110000010
1001110011011001100101111010011010011101011010100010110010101011
1010110100101011010101001111110010111110010001001000100110011001
01001000010101000101100011000001
0001100110111011110101101100001101000111111110101110011101110010
0110010111000100010011111010100010100001101011011000000100011001
1110000001111011100000101100000011100111110111010101010010011000
0001110000001111010111100010110110100001000011010111101000000010
11110001001111101000010010101110
1001110000100000011001111111100010011000110010101000100011000111
1011001111100010011110010100110100110100101011100100110110111111
0011100011001000110010101010111010110000111010010010101110101100
1001110011010001100001110011011010011101010110010110101000001010
11010011101000100101001000110010
0110101011101000101011011000111110011011010110110011100111011110
0000101110001010110001010011010011000010001111001010111101101100
0001110110000010000100000001111011101011000111110011010001011011
0110000011100001101000100111001000110101110101101010000011010110
01101110111100111111100110111001
0100110001110100001000110110001111101000100011100011010001100011
1011001111110100000011100110100001100111010100011111100001000110
1100010011111111001101000110001100111011000010000010010000000101
1110111011001111010110000110011011111011010110000011010110111010
10110101111001110011010001001101
1111010110010101010100111110100001001101000000010100110101100001
0110011110011111000000011001101110010000010011100010000101101001
0110100110010001110010110100000011111101010101100110001001100010
1110011101000000000001100110011110101010110001010100110000101110
10110000000011111111011100010110
1010100001101111101001000001001110110111001110010011010111000110
0010010010000010010010001011110100110001100001101100101100111100
1100010111101110000101010110110000101110011111011011101011111001
0001011010001101100101100000101010000101101101110000011100001000
10101011100010011100011101111111
0000111011111011110111100100111011011001001110100010000011001100
0111110111010101010101001110010010011101001011110010001111101100
0100001001110101001101110001110110101010010010110001110100110001
0011110011000001110011011011100011011100101100100111110111010001
00100010000111110100111100001000
1011011010010110001111100110101001101100110001101111100100100000
0101110000110011001010110010010111101001000101011111100101111010
1100000100011011001100111001100111001000101101100010101101000111
0001010000011111010101011000111100011010110110001111101011110110
01101100010100010010101100101111
0110011000011100100010011100000010100101011111001000110011001110
0110111001111111000001011101111001001011100100111000111001101010
1001110111111001100110101111010000101110100010011110011110101011
1111101010001001011101110101010000100000011100100011000001001000
00011010011110010111101110101111
0011011000011000000101111010110101011000100110010001111100101100
1100001100101111101100111011111101010011011000011101110011010001
0100001110100010100000101110111100110000100000000011000110011010
0001010101100100010001011101011000010011000101010010011100010010
00110110011001100111010100001001
0010011100111011110111101111011100000010111101100000100101110111
1010000000111111101100111101111010111110001111101001011101101110
1110010101000111111010011010010001001110011100011001110001110111
1111011101000110111111100011101000000101001101001101101111011100
10110100000000001001110100101111
1101000010100101110111101100010001100110101011011001110011101011
1111101011111011010101100100010011011110001101001100100111101100
1010100100011010100001000010001111011001110101110011110000001100
0001001011111100111110001011100110010000011111000101000101001101
11011001101001011010001010111011
0000101000010011000111000001001011001001011001000100000101100010
0011001010100111111010011111011101101010110100100101111101010001
1100101010111010010001101001100010111010100111001110110001001111
0011010011111011010011101010011101101001010101001111101110110000
10011011101101001001110010000110
1000001111100010001011010010000001101101010111101010000111110010
0111111110010000000110111100110000111110100111111101001011111101
1000010010010101100011001101101011100101111000100111011111000001
1110000001010110000011001101011111010101011001100101001001000101
00001101010101101010010111101010
1010010110101101010011111011101101001100101000100001110001111011
1111101111011111110110010000111101110001110011110010111111001011
1101001001001100111010010001010110010110101101000101011100110110
1010011000110100100110001011110001101110011111000110100000110001
11111101011000010110011110101101
1011111001100101011011010111111111100101101110110101000010100111
1011000111101011011001110110001000101100100000111111001101001001
1001000011001110101001011010110111111101101101110000110000110111
1001001011101010110011111101101010011011100011001011110011100110
11101011111110001010000101010000
0011011111011010010011111101111111110001111000110100011100010001
1000111101011101010110100111101110000011001111001101000010110010
0111000111001010000101010110110011101101110110001111101111001100
0100110000110000101010011010011001001000011110001011000001011000
01101100110011010110110001010111
0100001100100110010000111001000111100101000110110011111100110111
1111101100101110111000111101000001100000101101100100010001011111
0100001101010011110011100011111011001000011010001111100001000001
1010101110111001110010011001110001111101000010100110110101010110
11010101011101100100110000010110
1111011000000010011010010000011111111011011111111111010010000001
1010001110011011101010100010010011001011000100110110110101101010
1000010100101010001010000000001110010111010100000100101011101010
1001110111000110101110010111101100110000001101110100010110101111
10100001100101011001110100010011
0100101110100110101010110110001011010111011001111100010101001111
1010000111000111111101111110101010000011011001111100100110000000
0101100000000010110001100011101010100101011100000001110110001000
0110001010011110110000100011010011010100110011101100000110111011
00000011111001000011101101000000
1011011000010001010111111100010010110111110000000010000001000010
1101011001001000001101110011001010101000000001110000111100001110
1010001110011101111111011111110011111100101110010110000110100111
1101111111010011001010110000100011100110100110011111001101001101
00010100111100100100101111010100
0100010011000010101010110001100000000000000101111100110111100101
1110101101011001101100101111100000101001100100010101110111110101
0100100010100110101111111000111100110101111011111100100111101010
0000011111011101100110101001111001110011101111000100100110010000
11011111110000101010000010010111
0011101001001101101101010011001100000110011001011001110001110101
0011100001010111000000010111101101101101111100101011010000100110
1000001110110111100110011110100100011000010110000000010101001111
0100111011011001101001111001011001110100010010011010011100001101
11001110000101100000000011110010
1110101011101001110100100000111100110110000001010011011011100011
0111011001101101011010111101110100001101011000010010011100101100
1001110111101111100110010011110101000011101001000001111110101110
0110100001100001001010011000011100001000100000011001101011100001
01110010011101111011011000110011
1100010111111001111101100011001001000100100000010011110010111101
0101011110010111000100100011011101110110110101000110101001010000
1100101011100101010100110111001110011101111001011001111100101100
0111011010011010110101011100001101001101100110001101100111001110
11100100101001101010100001101011
1111100100011101001011101100100011100110100001101111000011111101
0001111110011100000010110000111001000011110011100110101101010001
1000010110101101110110101010111000010001010010011100010100111010
1011000001011101001010000010010011100101100100001010000001101001
11101011011001110000110001101101
0000101111001010111111010001110101101101110110010010100110101100
0100000010101001110100111000010011011010000101101110100101110101
1011011110001110001011000100010000110111110110101110000001011011
1011001010110001011110001001010110000101100001010000010000100001
11001110111001000000111010011001
0011101110110111100111111000111010001000101100110101000001001011
0010110011000110101110001100000111101000000001101110111010101011
0111110110110100001001001001111111110001101011111000001101011101
0100110011110101111100101011010000111110110001010100110100010010
00000111010011010001001010101011
0100000000010011100101110101110000101010100110110000111100111001
1001001001010100100101110111011001011011110000110001101011101000
0101011011100010110010001010110001011001111101111100111001111110
1100010110000010111011101101110010111000110011011100011011101011
01101110001101000000111110010111
1101001011000111010110001010111010111110101101101111000010111110
0000101000011101111111110001101001101111000111001011110001011110
0011101000110111000101110011111111001110100001001001110010100100
1001111111001101111100100001111000101001001110001100000101011010
00011110110110100000011010111000
0100100101111010101111000101011110011110001010011010101110011001
1111111111001001101001110010100111011001101100010000011111110001
0000001011011100000101000111000011110011101001001111101100111011
1000001000001110100110001011000100110010100010000000111101111010
11100000000010100111001100111101
0001010001100001111001001111101100010010111101101100101011011000
1111100100000111110100111011011011100100000010100010110110111001
0111000101000011010000000100011001110101000100110010001111010010
0100110010110000111100110001000011011000001010110011011001001011
10110001100110001110111011000111
1000000010010111000010110100011110010101000111101110011011110001
0011100111101001101111111000110000011010001010000101011100101000
0001111010100001010101110010110111010010111011011011101000011001
1100100000101110010001110011111100100001111000110111001010011110
11111010000101011010100110010101
0100011101101000001001101111000010000001111010000001100000100001
1011010101101111011011001010100001010011001010011001100011110010
0101010011110011001101110010110111111010101000001101010011010001
1110011011000101011011011101010011101011011101110100100110000100
1110110011110011010111000100000111101101001111110000100111110011
1101001110110110011001001010010010001101101010000010011011010010
0001010011101010111001100010000111110011000110000111111111010001
1101110000111100100110001110010000110101101101110001010010000100
1111110000100101001101111011010110111011110010101111001010010011
0100100110011101000001101010111010101010110111001011100101010100
0110000111001000000111100001011111101011111101111000011000111100
1001000011100001111111100111101011100110011011011010110110111010
1110000111000001110100111011110100110100011100100000100101001010
1000011001010100010001110010000100101100001010100101100000100000
1001010101001110000100111010000111101100010100110000101110111100
0101110100000000000100100101100000011001101011000001000001000101
1001110000011000011010001111100101000001110010011001000001010110
1001110001000101110001111000110000000011000010110100010010110000
0101111000011111111100000010110010010100101000001101110110110101
1011000000111111101101001100100100101111001000101100011000100101
0000101011011001000100111000101011001010110111111101000101001011
0001010111001001101111011010010000000001011110101111100010101100
0111111100011000001010101101110101000101111110111111010001011000
1011000011010001111110001101011001000111110011100000010111011110
0000100101100100100111101101000110000110001100101010010101000110
1101011000110110011100100010010001000010110000111111000011011110
1101101001011000111001011100010111010000111100010010010000010001
1110000010011111011011000010101110110010110101101111001100101111
1011110011100000000100100001010111011100110001011001011110010010
0100110001000101010111011011100000000001011011100011010100100100
0011001011110011110000000001101011011011100011001100001011010011
1010001001100010010100010111001111111101110111110000111111100100
0000000000010000010000111000010010011111111010011111110111011001
0111000001011001110110000011000010100000101001101101111110000000
0110100110001101011101001011101101001110011100000101100000011100
0000111100100011110001101111001111110100101001010110100110101111
0101101001111000011111011110001110000100101101000110101101000110
1001110001011100001101000010100001011101010101111001001100010011
1100111000101011101011100111011000111010110101010110111010111010
0110100111100010101001100011110110101100100001110101111111001000
0001100001110101001011010101001000100111001000000110101101111010
0000010011001101010011110110100100100100010110001111000111101010
0011011110010000001001000100111100100111110110010000010010100100
0101000011101101101010111100101000110001011110001101000101101100
1100110000100011101101101100000110001010110011011100011101000000
0011100110110000011100110010001101001100001011011011100010001100
1000000001000111100010110010010110010111101101000101100000110000
1101001011100110010010100110000110100011011111101100010101110011
1000000111000101100010100010101101110010000110101101001110111010
0001000100100100000111000001101010001100010110100101101011110100
0010100001101001001010011011001001111011011010000111011101111101
0011011000010011001010011101000001100011110000111000000110101000
0110100000001011010010101111001101011101100011100101111111101011
0010000111011101111100110001111110011010111011101001111011101100
0100100000100011000101011010011001010010111000011110110110111101
1010001011101100110001001000001011011101101100010010101110101101
1111100100011000100011010100100001100011011001110100001110010110
1010101000011000000100001001000110011011110101000011001101011101
1011111110010011011101111001000000011101000010011101010110111001
0001000010001010101000111011000010010011110110000111010011001001
0111101000000001101101011010010000100010111001001010010011110001
1011110111101010001001001011001110000001000001100001101100001011
1110011100000111100011010101001000100011111000000011010011100001
1101100111000100010001001000101111011100101111011000001010111001
1011011010111011101000011111011110011111101000111100110101110110
1011000111111011110101011111001110001001001000010111111111011011
1000011000010100011100100100010010001010001010111011000100101100
1110111110111001100010110110110100101011100000111100111111011011
1001000101011101110101000100010100100100100000001111011000101010
1100111111110010110101010110100100001000010100100110101110101101
0110010110111011101001110010001101111110000100100110101100010010
1101101000001011100011011001000100111110001110110111110110010110
0100100101010010001100110100010000111101111001010010001101000101
0001101100100011111101110011001000011101100100000100101010111010
0000000011011100101100001110011001000001111000100100000011011001
0110101100011010010111000110100110000100100011100000111000000010
0001111100010111011000100100011100001101011010100000010110001110
0100110000011100110111111101001001011110010001001010001001100000
1111011010111111011001101110000001100111010011000001111011010000
0001110000011111000011101111110111010110101100011110111100100100
0111110011101110111101101111111011110001101010001100110110110000
0100011001011010100001011101001101101001100000100010010101110111
1111000100101100101011000000100101010100110101110100111010011111
1110111010111100101011001001111101111110011000111101010010100110
1100001001010111000010001111010010000011100110101100100110110101
0000001100000011001011001100010010110010000100010100111001110011
1000000101101001001010000011110100010100011111000001100011000000
101111100110
1010001111010010001100010011100000000111000001111101100000110000
1111001010100000000011110110100010011111001110100110001001010110
1110010000100000110000011111110011010100110001100011100010111101
1000010110101000100111010100010100100001110011111110100101111110
10100110000111001111010011101100
1011111110111000001111001100100100011001111011001111100101110110
1100000110101001100010111110100101001110011110000111011000001111
1110110100100101010101111100001101101010010010011100001011011100
0001101000100011110111001010100111011111010001000110010101001010
11101111110100110010010001011101
0101011011101000110110011000001000000111010000110011001011101000
0110110111111000110101100000101011101100100110101000101100111111
0110100101101111001001010101101111001000111111111101101000110010
0100100000000010011000000000100111010110010011111001111110000000
01111111110011110011000011001000
0111011001101101100001010101100101000010000000100111111010110000
0110010000000010010101111100110000011111110100110101000100111111
1100001001110100110101111000100100101110110111100001011000100011
1110000100010100001001000101101000110010101100101100000110111010
01100101100101110101010100100101
0100011100111011110001010110110110011110001010101111000000000100
0001110000101001111001101011110100101001010010000101110000001010
1110000111111001001010100100101001000001001001001101111101101111
1111001100101111100011001100010000011100010101101100110111011101
01000111001010101111010011010000
1011100011110100111101011010100100000100100100011100100010111111
0001100011110110011100011001101110110011000011101011001010100111
0010100101010011100001010000110000001100010000110001010100111000
0100011001111101001111001001000100011001101101010000111101111100
01110010001010010101110000111100
1010110111111001110101000001110000100001010100101110100110000010
1111110010100111111011100001100011011101101011010101011010101001
0100011110111111111010010100010001110100101001110000000010001110
0110101111110101111011110110111011101000110001001011111000111011
01000111110011101111011000110100
1101101110110101111010101101110111010111000000100100100011001101
0101100011000011111101101111110100001010111111001010010111100010
1101101111011111110101011110001111011001110010010100100110110000
1010001001011011010010010110101111000100000110001011100110001011
01110000101011111110010000101111
0110001101011001011000111101100001110101001101100010001001011001
1001010100000000100101000000101000111011100001100010110011000000
1110100001101000001111010000110000010111010000100000001100110100
1010110001100100100010010111010011001110100000111011001010000000
01010111011001101001010111011101
0010010100001001101111100000010110111101000111100010000101111001
0000111101001110011111001101111110001101111001010101111100111110
1011011000000110110011010011000001000010010010000100110110100110
0001000001001110110111100111110100011110110000000110011111001010
00011001000011111011001000010001
1001000100000010100110111101111110000100110010111111100110011110
0101101011010110111010010000010111001111101010101100001111001010
0100101011001001110110000110110001000100110000001100011100010111
1011010110110010111101011111100000001100001111101011111110110100
11101100010001001110011110010101
1001011010001110010011101010101000101101101101100011100100110111
0100011111110101101110000100011001100101000010101110000110100111
0101010000000001000100011011110101010010100000101100001001101111
0000101101110100010001100101000010010101000100010101110000011111
10100000010110011001100010000011
1110101001110111100001101011001000000011010010100110010000100011
0001100111101011111110000010001100011101010000100000111000100101
1011110111101101000000100010111111101010110110101111111100101111
0101010000111111011001010110011001011000101001100110000110010001
11101111110111100110011011111000
0100110111010100101011101111001101101001111100001111001000011110
1100011110010010001000100111110110110110000010010000101101011011
0101001110100011111011110111001101001110101110100110011011110000
0011110000001010010101101100111110000011101101000101111001100001
01101010101100000010111110011000
0010101100100100001100100011001101101011011100011010000011111000
0100010101010010110010111010101111100010110011000011101111100100
1100101101000000001011011001000100101110100110011000010111110111
0000110100101101100010010000101000101000100100010111001111110100
11100101010000110011000000110101
1001001011011000000100111000101110110001101100101101101110110111
0000111101011101010011011010100100000001101100110011011110100001
1100010001111101001111110110011001111011010011010010010010110000
1001101001110110100001011001010000010000001000111110101100100010
11111000000100110010111001110010
1001111101000010110011001110000110110101101011001001010110111010
0110001010111010101111000001010000101001000110111011011011010100
1110110100111000000000000101010000100010111011010100110011000100
0011010010001100110001100111100100110011101110101101110001111011
11010111111100011000000111010110
0101010001011000010100111100101001100110001001100100101011100001
0011100010110101101111011111110010111000010010110110111101001011
1001101010000111110010011101110100001100111110001100110110001110
1001010000111001111000011101110100111001000111001001001000100110
11110100101111001000111110010111
1100110110111111111110000001110110100110110001111001000010100001
1001101111011110101100000010011101100001010001101001101010101110
0011101011100001011110101100110100001111001000101011001100111010
1010000100001010100101100100100101011011010101100111101111000110
10010011101111001111000001010000
1100101001100011100101000111111000100101111000111001011010001110
1101110101001011001000101000111111010111001011100000111001010100
0011110100111001000001000000111101101001111110111001001100111110
0101001011110111000001011000111101100010101101100001110100100111
01011011000101111101111110011001
1111110000010110010001000011011010101010000110011010000100010001
1110101101101101101011000001110011111010100000011110101011111001
0001111101010101111000011001000100011010111110110101010010010101
0001111111101001011110001001010100001111001001111100000010000101
01101100111001100000111101010000
1110110001101101011101001111011110010010100010101011111100011111
1010111101000010001100100111110011111101111110111001100101111000
1001001011011100001110111010100011110010101110101100001000111010
1100011100011001011101001001001000001110100000110111100110101111
00001101101011010000011101111100
0001010001011111000100111100010111111111111111010011011000010111
0011001001010001110010001110001110100001010100110110001111001100
1110000010011011001110111011010110111001110101000001100110011010
1111000100001011110011110000111010001011010011000011101010110111
00010101110000101000111011111101
1101110010001111101010001101011010011000000011000001101101001001
1101000001001011010010011000110011011000011010011111110001011000
0001100000101101110000100111000101101001010100011111010000011001
0101010001100111011100010011100101100110000011110011100101001111
01110001010110111111001011011010
0100111001101010011101101001001001011111101000110011111110001001
0011010111000001111000110111011101000001101100010100010111111010
1110100100000000000110001111001011011011101010000101011000000111
1011001101000001110011101110111000111000001000001001000111100011
00111010100100110001001010000010
0000000101001101001111111011011001010000011011011011110011011000
1100011101000111100011111101001001001111001100110010111100011001
0000010111101001110001100111011101100001010001101010100110110100
0011000101000011011110010001111110001010111000100000011000010001
00001000001000110001001010111100
0101000011100001111011111011010101101010111010100010001111011110
1010100011000101011011111001010110111011001001001100111011011011
1100010000000111110110101000100000000000010111101110101001011101
0011000111101100001110100110011111101001100111010010101100011111
11111110100001010111001110000000
1111000000110100110011101100101001100101000100101010001001100111
1001000001010110001101101010000101000100100110001000101110100000
0101110111000110101000011011101100000001101001010011111000101000
0100100100101111100010101000010111110000100001110111000100011001
10010110010111010100101100010010
0010101101010100111010010101001000011101011111101000000111001001
1101110111010111001110100010001100101101010111100001011011111101
1001000110010111000010101101110011101110010100010101111001100101
0000000010100110111100100110101100111001001010010001111011000101
00111100001101011001111011101000
1100001000110111010110011101111000001110100110010111111100100001
0110000111010001111010101111111101010010000000111101010100001111
0100010101100101001010001001100001110011010110010001100100000010
1001011010111111111000010000110011011101010101001110110011011000
11100000100100001100001001110100
0110000110101010100100000111001100111101000000001010001000100000
0110001111101101101011101111110010110010110111011001011100010001
1000101001110010001000000100000111000010101001001100111101100010
0111010110110000101011000000011010111101010010010101001001011110
01110010101000011100001000011000
1000011111100110010100001011010011110010010111010100110100010111
1011001010100101110001010011101000001101100011010110010101101011
1001111110011011110001101111111110001110001110101000011101110110
1010001101011100000010100001001011011101011001100101010110101110
00000110111101010010110111101111
1001111010001101010011010001010001100101111010011101001011010101
0110100010001101011011110111100101101101011110111110011011101001
0001110100100010000100100001010101100111000001010101000101101000
0110101110111110010111100000111101001111101101001100010100101111
00110010011101111101010111000000
0100101001001101100010101010011000010000011000100110101011110100
0100010001001010110010111101010101101100010111000000001011011010
1011111001100001110000100000101101111000001111001101001110100000
0100010000111111111000000100011101010011100100010000111101000011
10100101000100111111010100001110
0110011000110110111000000000011110010111010100100101001101001010
0000110111000111010101110011110011100001110010110010111111110110
0010100100100111100100110011010011111110110011110000000001000100
1111101100111000000011101011001000111000010000011000100000011001
00111101000000110000000001110011
1101101000001000101000000011100110010010110101000000000110110110
1111100111001111101101110110111100011001010111011101010111111000
0011110111001010010011100111000001110110101011001001100010010010
0111101111010110101110110111001111000001001110011110010111000000
00000101001000111000010000011010
1000110010101010010100001001011111100000111011000100010000001101
1010101010111011011010010010010010011101110010101111101010010101
0101000001111010000001110001011010011011000001000001101111100010
1101100100111001010011011111100100011011010101101001100011101101
00111001110001111000011000100001
0101001100001011101001110010011110011010001001101001101110011111
0001101001111011010011101000110101001101011110000011000110011111
1111110101000110001110100010011101100001010110110110000100101000
0010011101100010111010000111101001011101001100111101100001101010
11111100110100100001111110011100
0011011000110001001010000001011110011101011100001011001010000110
1000110001101011110001111110110100001010001101111100100010100111
1100000111010100000111110110100000110010101110101100011011111011
1000000011100010000100000000001000111100100110100001100101010011
00011101010111010101001101111011
0011111010001110010001001100011111101011001101101110000110000001
1101101001110010111010111001100011111001011110111101000000110001
0000110011001111001010111100101101100110011001000101101011001110
1100110110111010111101101110100111001101001101101011011101100011
01001111010011111000010111010110
0011111011100000110110101000101101010000011011010000010111110011
1011010011011011001101000100100100101100111011100000101101010101
1000111100110000001111100100110011011110010111111111101111001011
0010100011010010100000011110010000110001101110010100111010101111
00011101110111110010001010111001
1100011110100000100000011011001011010100010111101011000101111111
0001000100100011010010110100100110100010110111101010111000110111
1001011000100100011010110010010010101110110011000110001001111001
1001110001000111000010110101110000010000010101110111100110010101
10100001010110111001100101010011
1111110000110011011101010111001000111101010010011000101000110010
0010000111001010111010110110110110111101001010100010011010011000
1000101100001010000011101001101100110011011110100110100011010010
0011100100000010000010111110011111001011111110001011111110101111
00000111000000110011000001000111
0000000011111100001101011100001010111000111000111110000101110100
0011001100100111011100111001110100000011111001010110011110010010
0010011011111000010101011000110111100001101011100110000110101110
0010100110110111001111000110100001000111101111110000110101011101
10010101111011101001100111010010
0110001010000110011000000101000000101110000000111110011001010111
1110110101111101110100101101001011000000000110100001100011010101
0110000010110001001000010110110010001100001100100001101100101111
0110001011001010110011101011100100100000101111000111111011001100
00000111110000010100101011010011
0000000001110110000101111000011101110100100101010101010111101001
0100011111100100100100111101001101100100000110011001000111101011
1101001010000001110000101100000110001101111011010000110111111101
0001001110010100110100100001110111111100011010111001101010011100
01101000001100100000000001001111
1001010101110111100101111011110000001110101110001001110011101000
1100111011001100111001111000111110100110010010011011010010111001
0100001011101110000101010101011010101100000100011111010001010011
1010010110010001001110101011010100101111101100011100000111011000
1000110111101111100100111101000111100110100001110000011110010110
1010011111110010001001111110110100110110010100001011010101100010
1100001110101011011000101101101101111001001100001101111010000000
0111100000001100000001000010101001011011100011110000001001111011
1010111110000011100110100100001101101000110000011110011001110000
1011010000111100111100011111110110000011110100101010111110100100
1111000110111010010011101000000011110000111100100101000100101100
1110100100101100100110101100101100000111010000010101101000010001
1101100100000100111111101111001110101111011001000000011110110110
1110100101101101001101101010111000100101101101111011010110111110
1010110001110111110100100001110100101101001110001101000100000010
0000111101011000111101001010101001010100011010110011011001000010
0100011000100101001010101000110111010101100011010001011010001100
1000000110000001000111000001100010101010010011110100000011101011
0110001101101110000101010111111101001111101100110010100100001111
0111000100000101110001011001100101010001110111010111110000010011
1100110000001011011110110100000101001110010010111000110100000001
1001100100001111111001100000110011101010010100000111011110000001
1110100001110100001001011010110110100011111001001001011001100100
0101100001110100101101100001100110110100101010100111101001111000
1000101010000111010000110001101011101000100011011001010111000010
1110000111111111111110011011001001111110100111010000100001000110
1110110100101111110110110111110001110001001111111101101101111110
1011000011001111000110010110111101100001011111000011011100110101
1011111000010001101101111110110011010000111101001110111100111100
1110110110111100001100111111111101101101011100000001010001111101
0010000100010000111010011000011101001100101000011000001010001101
1010111000010111101001011010101000001001100111110000001000001001
0000000010110101001000100100000011111110011110101011100101101101
1011011000111101001101001100001000000100101100000000111000001010
0100010111011011010101100001001101011110100111000001110100000100
0110110110110111101110101000110100000001101111001111111000010100
1001010100101110110000110010011011001100011100101010000100110010
1100001001111111001110111111110001011011100110011101111111100001
0010101100011100101101110001010110000011100101010100101110001110
0110110010001101110111011000010100001101101011001000010001001110
0011000111000110010010101010000011001110010011001101110010110100
0101110101011000000111110001000110010010101001100101011010110100
0110101101001001101100101000101100000010100010110110011101000110
0000001000000010000111111000110110100101100001111010001001110001
1000000101001111001101111101110100111110110100011011001010001100
1001110010010011111110111001000000000000101111010000100011101011
0110001101110011010101010110100000111000110110001110011000001100
0011000110000101000001000011010110011010001001001100010100100100
1001110010011110000000010001111110111111100111111110100011110101
0010000000101101110000101010110110100110011100110110000010110001
1101111100010001101110010011100010001010111001110110111100101110
0111111011111100101000001100110001111000111011110111110011010010
1100101111111011101101011000011000100101000101111110110110100001
1110011111111001011110101000111000000101001101011110101111111000
0010010011000111111101101100111011010001111110010000100010001100
1111100110110001100110010101001000001010111110000110000100011110
1101000100000111111101001100110001010001110111110010101011011010
0000010101010011100001010101110000001011000011001101101010011100
1001011000100001111111101010110011000101010010101000010101010010
1011110100000110000011010110010110001010000011110110001100110001
0111010011001010110111000111100110101011111111110000101011111010
1100011010101101110100000001110010100101010000001111111000000010
0100001100110011111010100000110101101011000010110010000101111000
0101111110110000011110101011011100000111100100101010111010111011
1000111011001101100101110011100000001110000111101111001001101001
1001110100000100110011001111101110111001001110100110110111000111
1101001001010001100100111100101111010010100010101000110011010011
1011101101100100101111110000110001011110010110111101110001011001
0011010001101011011001111011101011111001111111000111110001011110
0011001011001010111101001111011110010111110001000001010111010000
1001011000111000010110100010000111110011110010101001001000101101
0001001111100000101010111110011001111001000010000101001000011000
1100001011010011001000111110001011010110011100100000111100100000
1000011101001110110000110100110011010110101010001001110011000101
0101101100010110011111110011110111011101001101110000000100100100
1111000001101011111000010110101000100011100011110110111000001110
1100000000010101000111100100011111100010111100000100001110111000
1111010100111001011101111010101111110110111011101101101010110111
1101000110010101011100111001011000111011111001011001011111000010
1010000111101001010110111000110101110111110110011101100111100100
0011110100001101000110101000011001000001100011101001000000101001
0010100011110010001110100101011111001111110010100001000011001111
0101010011111110010101101010001000000110101000011001110111100111
0010010011100101100111010000000010111011011010101010101001000010
0001101111001100001111100001010010111010111001010110100001000001
0110110000111100110100010010110011001100100000101001111110010001
1100110011101010000100110111011011111010110101011100000011000100
000001101010
1100001101110010101010101100000100110100000110100101111110001111
1110111010010000011110010110111100111100011101101001100110110000
1101000000100000111111110001010001011000111100101101110101100010
1001110101010111100101001011111111001001010110011011000101001110
01001000110111010011111001000111
0010100111000100111000110000011110001111011100000101000010101100
0101100000001110001010111111000001000101101010111100110111100111
0111011001000110110101110000110001101001111001101001101011011010
0110101001111001000010011100110101010001001000100001111001100001
10110111110110000101011010001101
0100101110010111111110101100111111111110110111111001101001110110
0000111000111010110111111000111101101101111001111110000111011110
1110101001100111011011010101100001101011111010111000101001111111
0100000100101001101100110101101000000101100000101111101111001110
01001100001001001111010011100010
0110001111110111010011110000010101111100101101101111011100101110
1001111101000001110011010000010110011000000011000000011000101010
1001110000111101101001111001100101001010001110011110011101100110
0011110001101001111010101110111110111001100111101000100100011001
11100110110111101101011110100100
0111110010100010010010000011011011011010111110100001001010011110
0101100010101110110110111111100111111000110001010000100101111010
0111101010011101110010101010010010010110100011111110011010010010
0001000110010011000011000101010010111100001001010100100001111101
00101101000001101010010100000010
1001010001001100010001001011011110001001011001111110010110011011
0000010111101000010101010101010110111110001011010001111011111001
0100010011110000001111000001000000000101010000100100000100010001
0100010110111010010110001100000110101110010111110110010010110001
11111110111000010110000010110011
0011011100010000101100101010001010000001100100100010101100000110
0101100011100100100111010001110001100100100110110000010111101101
0101101110101100001110101100111111100111111100101110010110101101
0100011000110010101011000000011110100010111101011011000110111110
00110010110100011010011011001100
0000111000101100001011111001001101110011001001101001100001001110
1011100101101001000111100101011111100100000101010100001000100001
1011100011011101110001110101101100111110000000011001011010011011
1010000111111001011101101000100111101111010010000011111010010000
11110000001010000100011110011001
1010010110100100101001010001100110110011000010111101101011111010
0111110001011010010001101010111100100001010111100101111110001101
0001101110110011100001100000110101101100010101011111011010110001
0011010100100001011011010110010011011100111011101001111000100000
01110101100010110010100001100100
1011010001010100011111010100101110111101011111011101011000011111
1101001011100100101111111111100000110001101010101011000011001010
0001100101111011100110101001111011100010011001001101111010010111
0100000000010000000001011100001101011101001010110001101001100100
01001000101001110001110010010000
1100110111101101010000111000101000000010101010010101111011001011
1111000011000100010010100010100111010011000110000111010100111110
0100011011101011000111000110101111100001010110011001001011010000
0011111010001010001000000101110110111100110111011001100000010111
01101011101001110000001110101101
1010111110011101010011101000001001101111111100100000111110000101
1110010100010001001100010011000111001001000100011010111100110000
0111111110100100001010110111010010100111100000111011101000001011
1000001111000100101111110110000000101110010111111101110110100101
00000000100100010110101110011010
0110100010001000010000100110010001001100010010111010111101101011
1011000001101001010000001010010111001101001111100000110011101111
1100011000001100110010000000001011010011000001111110110111001000
0111100001100010001010010000101001011001011000100111001100100011
11011010011010101101000000010110
0101100011000111000010110101001000001010011111000010010001100001
0001010011101011000100110101101011101111100101111000011101110111
1001000011101100111100110100001101010100010011111101000101111010
0110000000001100111101001010110100101110010111101110001011011000
01011011110101100001001000100101
1111110000001101011010101010110110101011010000101101010100000110
0011111110010010010001001010100100110100010010000110110101011100
0101110010101010110101110001000011101111101000011111101110001101
0000101000110111111001100000000011110100100110100110001000100000
00011011010001010000011110010111
1000000101010011010110011000010110010000000011110001100010110000
0001001000101011111001000011110011110100000101101001011010011101
1101100001000001110101100001010110111010100100110000011101111111
1111100111000110100100011101110100011011111010000100010001100111
01111110111001110010110100100000
1001110111000111011000000101110000110011111001000011111011111011
1010011001101001010000110100001101110111001101111101101111011010
1010101110100010100101001100101110001010010101011000000100110101
0001000100101011010010000000001010001000111011100010111101111001
10011111010101011100110100110100
1010001100011011011001101111001001100010100010000111110100111001
0010101100111011010011000100111000101011111101001101011010000011
0111101100111000110111100111100110101001111010000110110110111000
1100100101111001111101111000010100100111001111110011001001101110
01111100011111001100110100011110
0010011110110001001000110110001000110100100000011001110111101110
0010001001110110011011010000111001000100100011010100011111000011
1001010111100110100001000100010011010110100000000001010001110010
1110001111101100010000001100010010101000010011001111001011010110
11111011101011100101100110001000
1011000101000000110111000100101110101000110101100011001010010110
0000100001011100101111000111011110101010110111000111011110010011
1001110001000100000110100111111000100001100101101011010000011001
0101111111000000001010110001000001100000100101010100111100111101
10101000001111111100000010110010
1100011111110010011001010110110001111110101001100100100100001101
1000101101101010010000011011100011011111110101101001111010100010
1111111110000100100101111000000000000110111101010100100100110111
1101100101100110001111011100000111110010100001001101110100001101
00110100111011111100000110100110
0110000100000101110010100010000010111101111110111100000010000010
0010110011001101101000111010100001010000100111111000011111000001
1111010100111110100111101011010101011111011100111110010010101101
1001010011011110010000111101000110001010000111101001101110011010
11101001010110010101000110011001
1111000010101100000001011001111001101111010000111010111010111101
0010110101111011111100110110011100010111100000001111011001111001
0111001001110110100101001001010110110101000000111100100001000011
1110101000011001010100000010001110000010011010110010100001010100
01000000001011111000111100110000
0010010100101001100001101110000000000010111110111101101111100100
1001110010110100001111001001111000001000100111101100100000011111
1100010111000011101001000101010000000010111011001000111100011111
1110001010111101100101000001010001011100010001001001001100110101
10111110101010001011100001001001
0000111111110101001000010111110100001100111001110000000010010011
0001010101000100100111001010101001000111011010100101111101000101
1000001011010001010000000111001111010000000001100101100010001010
0111010011011001010110011010110000100101001001000100100111100001
10011010111110101011000100111111
0110010000010010101100010100111101001100000000011100110100111001
1110000000001011011101011100100111110010101001001111011000000110
1101100000101000010000011010111001001100010011000101111001001010
0011001111000001000001101110011010011000110101111011001000001010
11111000011001000011000010101011
0000100111000011011000010000110001110000111110001000000011110101
0100000110110001101010001010110011000011010011011101101111101001
0100110111111001001001000010101001111000101001000010010000001111
1110110100000001011101010010010011000000100100100011111100010100
01101111110110110101110100011011
0111000101000011001011111000111001000001001101111001011101001101
1101110010110010101010101100110110100000011000110101010000111000
1111001101010110011101101011100011111000111001100111011011110110
0100011101100001000001101110110000100011101101001110111101100000
00110101001110101100100010111110
1101011110000110111101111001010110011001001011101101111101000011
0100101110010100101101011110011011000000100000011011101101101000
1001111100000000010100001010000001100010010111001111010011001110
0111100100001111000110000010011011101001001001000000101110110010
11010011101100101100100101101001
0110001000010100001100111100001011010011001000100111011110111111
1000001111010010001001110000010001011011010111110101111100100110
0111010010000110011111100101100000011010001110110001110011100010
0001000000000001011001011010001110010101100010110100000111100000
11110011111111110100100100111001
0110011111100010011111111111100001101111011001010001011100011111
1100011011110000110001110111011011011100010110001010111111010001
0110010110001110010100111001000010000000101010110111000011010111
0110011100011010111101001001010110000101010101001111011000010101
01110010001010011111111100111010
0101011101011010101101001000011100101101000110101010010000001111
0111101011010010101000100110101001110011011110011010001100110001
0110010001100000100101001101110101010100101001110000111101100100
1001101101001000101111101101110000000011001101100100000111101110
00011100101100101001011011000001
1011111101010011111100111101000010001111110100110100101001011110
0111111010010111010110100000010000001111101101000011110110000011
0001110111111000100010010101001110001001101010111010010100101000
0010101001000111010000101010000101110100001000110010001110011000
10000110001100101010010001111100
0101100011100000000111011100010110001111111011110001100110100101
1110011011100101101100010000100000010110000110101000010001010101
1001110000101001100010110100011010110111000001000001111110000111
1011000111010111101110101000010100111110110011010010101000010011
10101110000011101110011110001111
0001000001111011111111110011001010011101010000111001110100100000
1100111011000100111011000111001001000101101110000101000001110100
1011100101001011001110011011100010001011000110000010011000111001
0101111000010110010101010101011010111111110000111010001011101011
01101011100011110110000011011000
1011001001111010101100110101000000110010100100000010001001101011
1000111011001000010100110001110001010110001010110000010101111011
1010110011101000111000100111011111100011110011001010001110000001
1101101000111011000000101011000001010011000001001111010110000010
10101111111001111001000010001001
1000110011010111011110001101011001100100101100100000111101101101
1001010000010100001110100010101111011110001010110101010010101000
0111110011110111010100100101100001111110101100110000110011001100
1111011100011110000110101011000011101100101011001011111001111101
10100010001000000001101111100001
0001100000111010000011110110110110010001000111001100000100011111
0101010100101001110010001110000101010111000111011111000111011101
1111001111110010101001011010001110111110111110010101101101101001
1100000000011110111111011111110010000101111100110000010111001010
10110011110010100001110011111111
1110010010100010001111001110000010101100011110010110110001011000
1000110111001011111100011011100111010100100110000010011010101000
0100101111011000111110011111010001101000111101110100100010101010
0101001001111001111010000101011100000101110001110110001100100011
10110011011111000110000111100100
1010001001101111100111010001101111111110000110011100111010000010
0100101110111100010011101000101111100101100100111000101000010010
1010100011000111010101000010011110111001000010011101000010101000
1101110011100100011100000001110001000101001101100111001100010000
01000110110000001010110110001110
0011011100010000000100111000101111000010100110100100101101100010
0000111001110001001011010111011101010100111100011011100011011010
1000001001101000100100011100110100001110011111011101000101011100
1101111101110110111110000111000110101110111000101101001100110010
11111100100011111010010111000100
1010101111011011110011110000101001000101111100100001110000101000
0101001000000111001010101010011111000111110111001101010100111100
0010100000001011011011111000100101000101111111001100110101100001
1010110000010110000001111110010101111100001011100000010111101111
01010101100000001101110010011010
1010100001111110000010101101011000110100100101111110000111011101
1110000100011011100001010100111010011000100000010100110101001101
0000001000010101101010111100111010110010100111001100000000001010
0001100100010011010111000111100111110100000101000000010001101100
10110101111011100110010110100001
1111001010001110001101001110100000111111101010001011011100110000
0100010001110111000101100000000110110000011110110000101000101001
0110000011001100010111100010000111101010110100000111000011110110
0000111110000101100001101001011011000000111001110111100101011010
00001010010110001000100111101001
0000110111010011111010111000101111001011010110100011000010110011
0010101001001111010011011000100110001000100101100011011001011001
0111100001011101000001100101000010100100011010000101010011000011
1101100101100110101011110000000001110011000000111010111101110110
10010110111010110000111110010111
1011110001000011101011111110010101101010011100011001000101011110
0001101100101110110101101001011111000110110011000011001100000011
0011110101010100100010110011100000101001101100110111001111101110
0111010100010001000000111110001001111010010001101001100010111100
11010111000100110000101001011001

