0110100110000101011100110010000111110000000011111011001000000010
0010110111001001010111011111010101111011110101001101101001011000
0100011100001001110001110101010000001100000000000011010111101111
1010011110101000001110000101110111001100010101111100011101100111
1000010111100011001010101100001001100100010001111110101011111000
0001100100100000100111111010001011010011110001100011110011100100
1011000000010111100001000101101001101011110110001100111101001110
1001101110001100111000110001100111011011000101001011100100010111
1101101001011110110110100010111010000111101111000111000010101101
1101101111110011100011011101011100001101100010110000011010000101
0010100111100100101111110100101000111000100000110100010110111001
1110011111111100101111000110101000011011100111101100001111001101
0110110010100010000110001001100111011010001100000111110001001110
1000011110100100111111101101100100101010000110110100010111111100
1001000110100000111111001101000100000000010011010110101000101101
0110101000100010110100110011001011110011001011100110101001010100
1100111011000111100000101000100101111010111101111011100010010110
0001010100010111100001001111110100011100110000000011111111010100
0110011100001110010110011000101011101101001111100010100011110111
0101111110011111110001000010001001111001111010111011101101101000
1000101011110001100101101101101101011010010101010011001010010010
0101010011100101110001010101111011011000111011111011011000000011
1110101111001111000111110010100110000011011001110001110100011000
0000000011001100110100010001111011011110110001000100100001111000
0001011110110100110000010111101111011001110110001010100101001110
0010010111110001001001010010111010100000001010000110001000011101
0111001100110100100000010100011100111111101111110110111000100000
001011000101100000100010111001100
0010001010001010101110001100100101001000001000111101001011011011
0000100010010010101010111111001011100011000000110110101101110000
1110110100111100011001001100001010100110100100111001000001011110
10010110110010110101001000110010
0110011111001100011101001001000011111100100010110011001001110001
0101111011100100000100010001100000000010010011000011011010100111
1110011100001100001111100110010010011111100010000001110101000011
00000000011011010010011110110100
1001101011000010100110000100000001001001000000110111000110111100
1111101011010111011010001110000011101011010101111101011111010110
1101000010101010011110000010010010100011000101101100100110101100
00010000110101111100101010111110
0101110100010001000000010011001100010001011101010010000100100010
0100000100000111101001010001001001011101011111000110110001100101
0000010110100011010010011011001111111010101110011111111011010011
00111101101011101110011000010010
1001010101111011010100110110100101000000111001111101100101011100
1101010011010001000001010000001011011010000101101000101010101110
0100000100011010101000001001000010101010000101001111111111101011
00011110011001001110001110111101
1111001100111111110001001111110010010111010001100111001000110100
1100000000000001101001101101110011100010100111011100100000111011
1000100001111010110001100110101011111001011011011110010100011000
11001001001101100011001101001011
0110110110101011111011100011001100101011010100000011000011101101
0010010010100111010110010110011010110010111010001101110101000101
0100001101001011011000101101101001111110010010001100101110000111
11100101011001000110001010010001
0000111100000110101110101011000100010100001101000101111011100111
1001010001001100111110100000110010111011001011000011001001010111
0101100111010100011100000001110111111001001001111100001110001011
11101100100100010000110010011100
0111011010000101011101010110101000010100100001001010101011111101
0000111111010100001101110000001001100011110001100101101101000110
0111111110010011101111110001100100000111101101001101011101011010
10101010001000110111111101111011
1110011100101100110001000100011000001000011010010000101110110000
1110100110001010110101110101110000101001111110000110100100101110
0100111011000011000011001011100110010010101001001111000110000111
00101110100001000111110010011111
0011111011011101100001100111000100010100010010011010011010100111
0010010100011100111011010110001011000101100111010010100000100110
1101000011001111100001000011100010000010110111010100101001101001
01001011101101100100100111001100
0001010011011100111100011111111000001111001000010111011100111011
1010110101111001111110011110000110000000100011100101000110101111
0101100001001011111011001001100000111100111100001111100100111100
11001110100011100011100000110101
0110110010100110011010000101110010110100001111111101010000101001
0011101110101010010111001011101101110110111111100011100111110100
1111101010101011110110010100000110111001101110011000110010100000
00101001111110111110011010001111
1010000010000111110111101011101000101110100101011000111110100100
1100010000100001001001101010001110111001101000010110110110101100
1110001001111110011101110001100111111110100011000010011010100101
00100000010101110100001101110001
1110001011101000111001001100111011010100101100100100110011111001
0111111100010001100100111110111010111111010110001111100101001100
0101111101110000010011011010100001010101011000001011010011101001
00110101010001111110110101110110
0011100011011111101101000011000100111100100101111010011100100001
1010101010010100110000010001111111010110111010011010110011111100
1001000111011111010000101010110011111010010011011101011101010110
00011100110011001011110100000010
0110000100101001001011100000001001110100110010101111011011100101
0000111101010101000010101001010000011101111111010011000101011100
1001110110010001010001010101111011110100001011100110111111000011
10100111101100011110010011010110
0101111001001000010100001101010110110000100001000001001001110101
0111010101011111011001100111010110101001110001101101010010011110
1111011010110010111101010101010001100000011100000001110001010100
11110010000100110011111000011101
0011011000110111100100100011101000111100100011111100011100101111
1000110100101110010010010110010101100101101011111010010101001001
1111011001010110100101011101011110001010100000110110011011000101
10101110000000000010000010100011
1100100000101010111010101100001101011110000001100110111000111110
1101000001000011001000110111000101101001101111010001101101111010
0010111100110011110001100001011001100000100110111000011000111011
11001110111110001100100001010100
1100001001001110001011011110110111001010101000100010111111011011
0011010111100010000011111011111100001001111100110110101000011010
1101100000011100110010011001100011011000010000000000000001001000
11011011011010111101001110100111
1010111100100101000010111001011011011111110100010000000010100000
1010000000010100010100011110110100100011110011111110000000001011
0010111010111101100011101110000101101100100101001111100010011011
01011100110001010010000011101100
0110110001011011001111111101110000000111110110110110100001101001
1011110111000111001000001111001111100110011111100001010100100001
0000001011100001110110111110000010101100101111000010100001111111
10110111001010101100101001111001
1000101011001111100010011101010101000001111000111111001001100000
1100000100100010011000100000111010001001111100000000100010010010
0101110011110111101001010011111000101110111000001110000101010100
11010101000110001000111000000101
0111001011001110011101000101100000010011100010000000000111010000
0111011110010000000101111101110110000011001100010111101011110100
0000110010110000000110101001010010001001000100000011011011110011
01000101010011100100001011011011
0101110111111111001001011101000000110001010001000001100110100010
0010010010110011100111101001001010001111000010111010000011111100
1111000100110010111011101000011000100101001001000000101111011111
01000001111011001101110111110101
0111001011111000101110011011110011110110111000100110001100000001
1100000100001001100101001000101100011011000111100100101111000100
1011110110001111111011000001010000000001101110001110010111100100
01110100010110001111110000110000
0101110100110101000000000110010111111000111111111001100100101011
1010100011110100110001100001111000101101010110111000000001100011
1110111101100100110101101001110110000000001101111000111010110010
00011011000111110011110111011101
1000111111000001110000111101001101111110010001001110101001010111
0100011100110111011010111011001000001010011011000000110000100100
0101011000001101110011010010011100101010111100001111000001011000
00101000100110010010001101101011
1111110010110101111111110011101000000000010011100011100001011100
0011000011110000011001110110000011101101101111001100111110010111
0100100110110011000001111110010000110000011110110010100100100001
01110010111010011000110111000001
0000110011111101011010101100000011101111000110001101111101011101
0010000011011110000110100111111110010111110100010100000110100101
1101011010000011010110011101110101001111001000110010001111110110
10101110000110011000010011100101
1111001110010001111011011111111110110111010111100001000101100010
1001111000110101010100111100101110101001011110101010101011100111
1011100111010000001110010110010010000110010100010101100101100101
11110101101010001100001000011011
0100010100110111011011111100001011000011111100111110110101010100
0100000001001000100001101010110011101101100110010100111111111000
1100001101001111011101101101001001100100010000001100100010011111
00101100001101000011000001011110
1000101000111101101000010110101010000011011011011101011000100010
0001010001100111000011010010011010010110000111101001010000011100
0011100010110011100011110001111110100001100011110100010001001111
00000001100011100111110010111010
1010111101111011000110010110101101000000001110011001111100100100
1000011101001100010000000111011010110001000100011011101011000010
0111011011100000011110001111011011011011011001000111011100111111
01011101101110001010010101110110
1101110000000001000111101011010010011001000001011111110111011011
0001110100011101011101110001000000000100100011010110101110011111
0010001101010110110011001101111110100100100110111111101111111100
01001001000101111011001111010110
1011010110110000101111101101100000111100100100010001101011001001
1100101010011101100111101110100000110011101110110011101110001001
1011010110010000010011001101110101011010101111100110101000110100
11110100101111001110111001000100
0011001111000001111010100001111111000000101110011101011011110011
0111100100111010010101010011101011111010101000101001001011111100
1010011100001011011000010011110101010100101111110000000111111000
01100100110110011110110010011001
1011100111100011100100111001011100101001110110001000010001001110
1100010000111110011000010010100011101010001111101011000101100000
0110111101001110100001000100110111010010100111110010101011100011
00010000000101100011111100010011
1000100000011000100110001001111100010110001011101010101010111111
0110001000000100011011100001110010110011011110101100000111010010
0001011000100011010010100101100001011111001000001100111101111000
10100100001100010011000101101010
1011100100011111111011011001110101001000110010000001001111100010
1111111111011101010010100110100110101101011101110101110001011111
0011100100010110101000110100000010101100100010100011100010111100
01110010011000001010001010101110
1001110010111110100110110010101111000000100100001000111100001110
1111000101111100010000000110111100100111110011110110111100100001
0110001001011101000110010111101110111110010110101011101110100110
11110101001111001111001010010110

