1100010111010101101000101000011110100101100110110101011000111101
0010011100001010110001100010100011100111011101010111111100000010
1001000100100000100011111110011101100000100111111101100001100011
1000000110011101100010101001111010000100010101111100000000110000
1011000101100011100010000101110110100011011110010001100101101010
1010111101111010101100110100000110000000111101000110100111110011
0000011101000100101000000010101001100110111101011011111010010111
1111010110000110111011101011001000100110011010000110000100100010
1001110101001100101111000000001010101101110101000011000001011110
0011010111011111011110011101100110001000011011100001101101100010
1011110010011100111010101111000111011010010101101101010100010110
1001111001100010001101110000100110101011011010010100011110101011
1101110110010011100011110111001001011000011100101110011110100001
0100110111010111110100000001111001001010110000111101111010000010
0001110111101111000100111001011100101100100101011111101101110011
1111110001000100000010110001110101101011110011001101100110101101
1110100010100111000011111000001001011010100001110010011011011001
0000001110110100011000001110010101010001110110010100110010010010
1001001110001110100010000011000100100111001010000110110010111011
1101011000000000101010100010101011111000011000101010011000001110
1010000011110000101001110111001001011111010100000110100010001111
0011000001100101001101001101111111111110110001110011110001111001
1111010000100011010110001111001101111101101010110101001011111001
1101000010000001100010111100110011000101010000010100110111101011
0011000101111000011011101101000100010011001110110010110001110011
1111010100111010011001110100100010001110010011001111111101011011
0111110000000110111000101001001011010101000111010100111111101011
0010100111100011100011011011101110001001000111110001111000110111
1001101000010001111000101011000000001111010110010010101011011111
0100011111110000110100110110000101011101101011010000111100110100
0011100000001000011100110111111011011101111100101100101101111111
0110010000111110010100000110100000000000110011111000011100000010
1010010100101110010010111111000011100111101111010000101101010001
1011011000000011010000001001001001011100101100010001000011001111
0001111001111001100011101101110001100111000100001001011001100110
1011111010000111101100011100100011101000000011011000010111101010
0011000000000011111010111100111011110010011000100001000100000011
1011001010010010111000001110101000101011000110111010111110010110
0100011001000000110101001101100101001001010110011100101100101000
1111101100110100110011110001010000101000110011010000001100110100
1001001001101000000101001110110011101100011010010010111111001111
1101001000011010101111110000101111011110100110110001111011111100
0010011100110111100111100100100001001011001100000111101001111001
1011010000000101001100101001110000101110010110001101110001001111
0011011000101110111100000111111111010001101101100011000010011001
0101001110010011010111000011111110010010011111011111011101100110
0011111010110111000001100111000010000001100101101011101001110010
1111000010000011100010001000010101010100100001001111000000101100
1010101011100001100110111011010000001111110110010100000001000100
0010010110100001100111001111100111001011101100111110011011010000
1110101100110010110000101001111110001010111100111010011100101111
1001011110101010111011101101100000011101101000101010110100000011
1111100001010000111101111111001111011100001101100010010101111001
1100010100100000100101000101111101110001000000010101001110110001
1011100111110001001110000010101111000100010011100100110101100100
0011010110111111000101111000011110100001100110011010101011111101
1111001111001001100101010101101110011010001100110001010111110000
1100000010000011011111111010101010110010110010110001011000100001
1110000100010100110011001001101101101101001101100001101111000001
0001011011000100000011110100011010010001101100001010101111011111
0110001111101010000011010100101000111010011010100011101010100101
1011100100100001100101011111010010110111001111001101111110001001
1110100001000100100011101001001100100011111100011011111001011010
1011100001101110101100011101110100001000011110011010100010100110
1010110011011011111000011101111011101101001010111000101001001001
0110010011111000100001110111101011101101100101000110111010001111
0011001110110000011010011000001001100101011000001100101101111110
1010000110110010110110011111001001001011011101001010100110110100
1000110110101110111101100000001000100001011101011111010011000001
1111001011010110001110100000111111100001000011001011000010000101
1011111110010011010111001010001101110011001100101000010110000000
0001101001101100010100101101101000111100110110100000000010100100
0101001100000101110101001111010001111001001000100111110000011001
0101001110100000111110011010101011100000011110000111100101010011
1000000001001001110001011010001111011100000011011111110101110100
1100001101001010111011001010010000010110101000111101000111111001
0110110011010001100111100100101011001101100000010100100100100011
0100011011001000011001001010001101010001101100100010000100011111
1000101011000011000110001110001011100001001101101110000001001011
1010101100111010111010010010000010100111111011100100001001010100
0011011100101101100111001001011100111001111111010010000111010110
0001011101100011110100001000000011101111001010001000100111100001
0101100001010110000110011100010100000010110110101101101100000000
1110011100001001110010100101001100110110010010110101001011100001
1010000101001101111010100010010010010111001101111110100001110011
1110110011101101111110101000000011001011110001000011010011100000
0001000000100011100110000011010010110111011001011000001110000110
0100000101101000011000100011101001011011100000000000011111101000
1101111001010010000001001110001100001100111011011100000100010001
1000110011000101000010000111110111110001101110111001111011010001
1011001110011011011101001101100100111111001111010001011001001000
0100011000001011101010000111001011001000100000100001110010110110
1110101001101101100100011101111110010001001101100001111111100010
1001111100100100010011000000000100001100110100011000111111011001
0101100111101100001011010110111100101000110010110010111000000111
0100000001001001111101010110001010010001000101110010111100000101
1101000001111000010000110111011111000011010011101101111000100100
0100000011001000010011100111000110101101100000111111100100110011
1000001010010110011100000100111001000011000111100111011100001111
0110010100000011111100101101011011111101000010000000010000011000
1111110001000100111111010000111110010110001001010000011110001101
1110010101000100001011000010001101110010001001111001010010000011
0100101000000001010100101001000011100101110000111011000001000001
1111110111110101000101001111010110110101111001001010101111000100
00011110010001010010011111100011000110111001110001010100000
0111001001011111111000000100001011011010100101110000001010011100
1011101010101110110101011101010011101111111000110000101110110101
1111101001101101101011000101110100100100001011010011110100100110
0111001011000100011011011001110101000111001010011000000001001001
0110111110011010101000001001011111110110000110001000001010101110
10010111110001010110011011111000
1010100010111001011101010011010110111101001011101010010010101001
0111110001000111100000110011110111011000010111010010100011011000
0100101111101110111110101101010110111111101110000010010010110010
0110000111111011110011110000011000110001010011010010011011000011
1100100000010111011101101101011000101011011010001000100001011000
10111011010011011000100000011011
1000011110011111010110011100100101011000111100101010011101001110
1101100100011111000100101011111001101111101000100100011101011011
0000000000101111000111010100100010101111100110111101011111001010
1010011100111001010101111001000010110111111111101101000010110100
1010101000111001110010110001101110111010110101010111100101010011
00000000000011101000101001101101
0101110100010101011001001010100011111111111111101101101110001110
1101100010011111100000011100111110111001000010010001000111011110
0100100110000111110110100010011100010010011001100011011111101100
0011001101011101111110100111100000101101000010001000110011101111
1100001101000100001011000000101010000000110011111100010010110100
01001101010111101100011000111100
1110000000111100101110110111101011000010101010100100001100010010
1001110010001011011110100111110101010011010010001000010011110011
0110110001110001011000100011010011001110100000110010100111100011
0000000111111100010011100101010110000111110100101110000110110001
1011011111011010001101001100101100111010001110111000001100101101
11110000101000000001010010100110
1111011000110110100000111001011101010000100001011110010010010110
0100000111010011100010011110100111110010011001110010100100101011
0101100011001000100000001110001110011010010010100001110111110101
0101110011000001101111101110101101101001111011000101001110111111
0111000000110011000111110100010101101110101111011011101011001100
10110110101000001010001111010001
1000001010011011100100100000000010000010100100010000000100001100
1010110011101111000011100001110001111111110001010001000110101001
0101011110010100011011101111100101010100000010010001110111111101
0101000000111010011010000001011010101100011010000111111010110011
1000010110001010011110101001010101101111010010001000011001101100
11010101101100010010001001110110
1000011011000100111101000101011100011011111101100010011010010001
1011000000000101100101010111101001001000011000010000101101010110
0000001000000001111001011100111011111111110001000111111111100010
1110011110000011000010101101100001010111010001111111100000110101
1111110101010110010001111110111011000000001000100100000101111001
11011000101100110110011101101000
0001101110111001101010111111010010010000100000111100010100010110
0001001010111010011111000000011000001011110100100001000010011001
0010000101100001010001100100010111100000011000010001100010100011
1010100111111101001010001001100100110010100100111101000110101111
0110011011100101001000000110010101111110000001100110110011010111
10111101011110111001110111011110
1110100101110011000111110001101011010010001101111000101011011110
0010110010100000001001100010000010100101000010101111000011011000
1011110001000110100011001111100100101101001010101110010110101110
0010010101111101011111001001100001111110100000001011000101000110
0110000001101000101001111110100101110111100110010011101111011110
10100111100101101110110000011011
1001110110111001111001111101001101101100110000111100100110010100
0100000000000000101001001111100000010010101010101011010111001011
1100101000101000101110000110010111100010111101010011010100110010
0000010000011010110100010100100011100101010010100000010010100000
0001010110111011010100000110110011011101100001011100011010001111
11001101110010110000011111010110
0000110100111011000101001101011010110010100000110111101011000111
0101000010001100011011100101011100001010110111001010110100011011
1100011100001010011000111110011100111100101101100100010101100101
1010011010110111000111001011011000011010101000010011010001111010
0100111001100001011000100000101011001111110000100110111101010001
11011100110001001110000111111100
0100111000001111001100000100100101111100100010011110001100101101
0100110001110011111101101001000101011011010110111010111001110110
1111100011100100010100000010011011100100111110110010100011100111
0010111001100111111011100011001110010010000110011100011111111100
0001100101010001100111101001000100011000000011101101001001111111
00111100011101111100010000010111
1110111010000001100100000110110011001011111100101110101000000001
0100100011100110110111111011111010000001001110011011011001000110
1000011101010010110010001010000011111011000000010110001011111101
0010110011010010001110111000011011101001111010111111110101101111
0010010101111001101000001000101010011011101100011110110000011011
10100010011001100010101110101001
0010100101010110001010001001001010010001100100111110100111011011
1100000010101001110000101111111110011101001000010011000010010101
0010111010100111111100011010011011001110110111111111111101000001
1000001110001011100101010101000010000001101010011111010110101000
1011101010011010001001011010011111101010111011110101110000010010
10100001111001001100010011111111
0010010111001101010100011100110100011101011101010000101110011110
1011010111101010001100100011101010010011000000000100100011010101
1011110010001100011111100111011100111011011011000011000101101000
0111110110000000000110000100000101110101100001110011111010100111
0100101011110110010111001011110001001100011010011011100010100111
00010001011001011000000011001110
1001011101100100010101000001010101000110111001001010010000010110
1001111010111011110001010010111100101001000011000011101101000111
1111100000001011000011011100100000100100110010101110111100010101
0100101110100001011011111001010110111011111111100100100000101011
1100010100011001111101100011000111111101111000010110110110000001
10001110111011100111111000100011
1100001100011101100001100001111101110100100001011001011001110101
0101111110010010001111000011101010110000100100110100101011100010
0110001011111010000001110000101011100010011001100100000000000011
1001110011010111101000110101111010111110010010100001101110101001
1101110011111000011001111011011110110010001111111100110100010010
11111111101010001010001000110001
1110101000000010011011010111011011100011111010111011110010110100
0011010111111110000001010010100010010100101010111111110000110000
1101011011101110010011101011010011100011000100010001101000110010
0001011110011011000001010011100000011000100011011110100100101111
1001001101110110010000110111000111001010011111100110001010110100
10100101001010000111001101000010
0111111111100111111001000111011001011010001110001101110101010110
1001100000000000011001111100011001001110101001000011001110101011
1001010000110101011101001001110011111000000101010101100111111111
0101101110001010111000101011100111101111111100111110011111010110
0000010110000111110000010000101001000000110100100010100110111011
10110011101111101000000101010011
0010111101101101011101001011000100000010001011111011110110100010
1101110010011011001100010001111000000111100011001000111000101000
0001001000000111111000010001010111000110000001101010000100100101
0010110100001010111111001000100111110000011111110101001100000110
1001000111010011101001101010001000101011101101100100100011001111
01100001011110100001011010001001
0111100101000001000000110101111101011110010010001111001011000011
1101101101001101111101010100100101011110111000100000110101001110
1011011111001100101000100110110100011010101110011101111001111001
1001001000111001011001111010111101110001001000110000011010101000
1100010011001010011111000100011010111010101010111001001011011010
11101000000000000111101100100100
1000111001011010001011010010110111101000000111011111111101001110
0100010000010000000110101011000000100111111100001111001010100000
0110000000111000111110101111111111000101100011001000111001100000
0001111000001000100000100101111101010111000100010110011000000101
0111100001010000100001011101010111011100111110001111010010000011
01011011100110001101011110110111
0111011010101111110100100111111100001110011100001101010100110100
0110010000011001011111111101000110011111100000001010100101001001
1110101101100100100101100111001100110010111011110001001011011110
0101110011111000011001010100100011100010000000111011001000101100
1000011001010100001101110010111001011000010111010111001010101110
01111011101000101010110000001100
1000111111000010010001001000110011000100010010011110000011001101
1101001001110101110110001111110101011100010010110111111110111111
0110110000101111001100111101101100100110100000001110011011001111
0000100001100010100100011001001100100110111101011000101000001110
0110101000000000111111001101101000111001010001010110011010100101
01010110010011100100110000101011
0010111011001111010111000110011101011100110001001111011111000100
1001100001010110001100000001001101010000010110011101101101111101
0010011101011111100010101010000101010011111011010111001010000011
1100111111010100111100011110100001000010000011010111101100100100
1111101101001111010011110100110110101010011100001011101001001100
11100000111000011100100001111001
0111010011010101110110100111000110011011101010000110001001000000
1101111110111101111000001101100100111011000110011111100101100001
1111111001001101001100111000010000111001101111010001010000111111
0101101110101110110110100000011011010000111111100000101000111101
0110000100111010110001101110111111011001110000010101110010001001
10010001000000110110001110110010
1110101110100111101000011010011000101100000100110101100111111100
0001101111001101011000110011110111001000100100110010000001111011
0011001011001001101011101100111011100101111000101011001111010111
1010101011100011100000111111100111100001101011000100110101010110
1100100011011110010011010111101111001000111111011100110111111011
01111010011010101010001010101100
0101000101110011100101010111011101001111101101100111000100010001
0010101111100110011001101000011011010011011100000011111010010011
1010100101100111110010001100111110111111010111001011010111011100
1101111001101111011110011001110011010000100000001001000001010101
0101011011011110000100101111100111100001110001001111010000100100
01110110011101101000101110110100
1010000100001011010001100001000000100101111011101011100101000110
1100011000111111101101101000010001110000110110101100001001111000
1111010111001000100101101001001101101001010111111100001111000110
0111010111101000001000001010110000111101001100011011000100010001
0011011111110010000000100100111110000100000010011101110110110001
01110100000010010000111010100011
0101101111010101101101110111110000111101011101011010111100001011
1110000011010000100000011100100001100110110011110111100010110000
1000110001100000111010110110110100011010001110000001110010001010
0100101011011101110101101100110110101000010010010110100111101100
1010010111011000101011010110101001111011000011001001111101111100
11110010100100100000101010100100
0011010110011001011001001100110100101101100010010101011101010010
1011001100101110000101101001101011110010001001011001111111011110
1011001111011010001001000100001101100111001010010000110001101000
0000110100010111000011011000010101110100011100010111100101011100
0001100000101100111110011010100010010000100000110110100101001010
00010010111000111000100001110001
0011011011110101011100100110010111111101110101100111111010101100
1111010101001000000000001110010101110110101100000010111001110011
1011000010100110111001110101100011000011001101010000101100011000
0000101100011000100010011001101000100110110011011100011100011101
0110011110011110100010110010110010111110100110011001011111011011
01111110010101011000011111001110
0100111101001111111111000001100101011010000101101111001111101110
0011010111101111000111010001011110101011001111000100000111101111
1101011111000001110011101001101101110110011101010010110100010101
1110001000101001011000011101010111101001000100000100001001100101
0011101111000010110101110011011100000100101000101010010010000010
01001011011110011001000000000000
1001011000000111110101000010111000110010000001001010101110100001
1100010110100011011000011111100110101111011000001001111111101101
1011011110111011000110100111001010110100000000101100100111000100
0110011101110110011001101101010001010000001110010101100011110110
0010110111001110011101111111100101100010001101010100000100000100
10111001000001001101000010110000
1010101101010110111101111011010101100100111101010100100110010111
1100001010001000111110101101110110111101110000001101011000111011
0111010111011101101110110011000000001010111010111100000010110100
1110101001111000100100111110011100111001100110011000011010011100
0100101110010111010001001010010000001010100010101011010111110011
11101101010101010110110001100101
1000110000011010110111011001100100110010010011001010010000111110
0111011000101101110110011111001000111011000111001101001111010101
1001100010110111001000000100111111000000010000000110110010111101
0010001100111010111000111101011110000101110111001001010110000101
0100011110010010011000101100010011011000100111010110100010110011
01011111011110111110010100000111
1001101100110111111110100010111110011000010111100110000111011111
1010110101011000001111110101110000010010001100101111100000100100
1001011111001010101011001001111100100010111001100101110111101010
1101001001111001100100010000100010001100011100010011001110011001
0010000111110010111000101111101001111100111001100110101101110101
11011011010010101010110011110000
1011111010110011111100010111010010011111101010100110000001101101
0010000100010101100001010110011010001011010101110100011001100001
0100010101100010100001010000010000001000100010110111011011001010
1000101010010001010010000000000101000010100101011010010101110001
1111111101001100010100100001111101100010011011010001111111110000
01000111000001111110001001111101
1001111011011110111100000000001010000100010001010011001110110001
0011011000011001110111100010100011101101111110100100101100010010
0001100110001000100000101000010101101001001100001000000000000010
0011001011011001010101001010010110000101010000010010111011001001
1010100010001100010001110101011101110001111001101100110100111101
01011111111010010101010111010100
1000110101101000001100111000110101100011101101001100010111100110
0000111011000010101110000110000010100010011101101110000101000001
0000011111100100001010101011000011111100011110011100110110101011
1101101000111100011000111000011110101111110010101001101001110001
1001100100001100001100011011000010111001011010001111011101000000
11001111001111101001101110001000
1110100111000111000001110101111110010110001100010000011111000110
1111010111111001101010110101001100111001001011011010111011101101
1111101110101010101111101110001010011101101101010000001001100111
0111000111011010100110101100000111111010101011100101110000100111
1100100001111011000110100001100000000001001110010111101010011101
10101011011010110111100011001111
1001111110001111001001101100111000001111101111101001010111010100
0110010101101110000100000111000001111010000001100100011000000111
0110101111110010111001101010111111010110000011001100011000000011
1100010010000011000110100111111101110111011000101100000100100000
0010011111110001011011010110101101001111110000010111011100101011
11101000000101011111011100010000
0110011111010000100000001011000011011110010000111000100111111001
1111100101011110011001001110001001000110111011001111010000110111
0000110111111100000011011100101011001100001100111110000000001111
1001000100001101111010011100010110101100101010000100101000101001
1111110111000010100110010101001011011110010010010100000001001101
10001001110100100011110001100000
0100100000101010011110000110011000001100101101111101010101101100
0110011100111101011000010010001001011011111101100100111100001010
1000110110101101011111111011011110100101111010001110011100100100
0010000100111101010101110101110101110011010000010010000110010010
1011100110101100010011011011011111110000000101100101000101011100
00000101001000001000010110100100
0000010001010011100111100000011111010011100110001101000100100111
1110001001111111011111011000011010000001110100001101011001010101
1001111011101001000011111101101100110001011100101011101000100111
1000101111100000010011110111111100110001001110110101101000100100
0000110111101110001101100100111101000110101100101010110011011100
11000101000100001010100111011011
1101111011100010011011110100011110001010100100010111110010111110
0011100100001010111100010010000110000000010011111011100000100011
0000000001001001011000000010001011110001010100101111010101101001
1010001110011110110000111101110110001000110011100110100001000101
1000110101001100011101100101101110111110010010000101100000110101
1110111011011001011101111000100111110101000011101000111100001011
0011010101011011010010100010100100001001110010101101010000010011
0111011011001001110101000111100111010011101101110101100110000110
0010111101010001111001111000001010100100111100100111011011011111
0010100011011011001110010110001101111011011100111000000100000110
1000001101010000111011000001100001110111011011010111000111000001
1001101110011110001110001011010100010011111010011011100001000001
1101010111101001000001011010110101010011000111001011111100111111
0111101010111101110001001001001111111101000011011000100001001001
0101100100100101101000110000000101001000101011010111100110111101
1000110100011111111000101100010101111100111111101111111111001000
0001010000011111110100000100010111111100110011000110001001110001
0000110010001011000111000110111110100110011001011010000001001100
0001010000101001001011001011001100011111110110010011111010110110
1010111001000010010010110010000010110111101011111100100110101011
1101001010111101010011101111001111000101001001110010001000100010
1110001100001011010101000010100000111111101101110111010001000000
0110111001000111101000101010101011100111100100100011011101100001
1001010111001011001100111110000111001110100010000001101110001110
0011010000010001101101111110011110010010100101011001001011000110
0111010001100111100010101000010101001001010001101001011111011000
1111010110111011011010101101000010011100101000111011001100000110
0110101001011111000000110111010101010001000001111110011001100000
1000011110010010100110101000110010101000011001010111000010000011
0100010101100000010001101001110010000000001000110110010001110101
1101111100001111000100000101101011011011101101100101001100010101
0011011000011011010101100111010110110001000111011111001111100010
1010110010001001101100010110010001110010001011100100111001011101
0000110101111001001010111000011010100010101000011011110011110000
1010001011101110011011001111110001100010000011001010110111100110
0101001011010111111110101101101001011101001011100011000110010111
0001101101010000011100011101010010000001110010100010110010111101
1001101010010111011011011110101111111100111000100110111000000010
1101100110010000110010001000001000101111000100110111111011011111
0011010110001000110101011110100010010000100011010000000111100000
0100111111100100011001010001100100000000010100110101011111101001
0001110001001000110111101111111011111100111100010010011111010101
0001011101000111000110011001100110011100000001000011001001011100
0001110110011001101010110110010000110101101111111101011011001010
1001110110101111111001001001101100011010101110110000000100010100
0100110010111110001101010001001010001011001101011100100111100101
0100001001011101001111000000111111011001101000100011100101110111
0101110111011001011101111101111101100110110010011010010100101010
1000011101101111111101001010001111001010000110110111001010011101
1011001010111110011111011011110011010000001110011010111000111010
1111010010000110100010000111110000101110001111010110011110101101
0111110011010100010101100101111100011100000100000000111010000111
1110100011100100110111011001101001110110110011011011001100011010
1001000010010110100110110110110110001011000110101110001001110000
1001011011101100011100001110000110101101110001111000100100100010
1101111101011010101011100011000110001110010100001001010100000111
1010001110110011100110000001010101110011110111111000101100111010
1100111101001100111100011110110001101001010001000110001010011110
0001100110010011110111111101100001011011011100011000111101101011
1011010011010111101000010100001110110111110001100010000011010101
0111110000010011010011010110011000010100011100101001100100110111
1111100101011001101110000000011101100000010011001100111001101101
0000010100000001000010100011101000000100001111110100100001101010
1001010101001100100110011110110110001101001101101111001111100001
1001001011111101101000010000111101100011011110001111111001101111
1000101010101111101001010010101100010100000011111110001001010110
1110100011111010111000001101010101000110011100100100100101001100
0110100100100111001010101001111100110011111011111100110011110101
1110110110101100100000101001110011011101100111101000100111000110
1101100100011100101000101010111011110010101001100101111100101101
1011101100101111011101011011001001101001010001011011001001110011
1110011100101000010100101000000111011101111111001010000111110101
0110011010110000111001000101101001011111100011000011000111001010
1011100101001111101110100110110010001000100110110000110100001110
1011111010101011011110100011000001100101111000111111011101000100
0010010010010010010010010101101111110100110100000111111101111111
1000110100001111111111111000101000001000111001010101000001100111
1010011010011101011100000000001001111101001111001000101110110010
0110001110111010100101000001010111111110011001001011011101110010
0001001111100010100100011000011001100000001101011111011100011110
0111110101010101111101110001001100111100001001001011001111000010
1000111100000100100000001010111110010000010001001000000010011100
0001011001010011001011110111010111010110011010110111110110100011
1000001001010001101111110011001110110001110001010100001101111111
0001000110000111000000111110110000101000101001111011011010101110
0101111101110011011011111111110010010010100011001001011110011110
1101101111000011000101101000011010100010110001000100001001000010
1101110100011011000100011011101110001110111000100110101000100111
0111111011000011100010010001000100111000111110101010101001100110
0011111000110101011010000110110101101101101001110100010110010001
1100111101010100101111111101011101011101001100110000010110111001
1000011101011100111000000000111000001001000010000011010001100100
1011010001011010010110010001111011110001000001001101101001101100
1000100101100110001000000100010101010111100001110100000111001010
1000010111010111100010010011111111101001111111000100011101010000
0001010001010001001001011011110011100111111001010110001010011100
1111001000100011110001000110011010011111001110011111101011000000
0111110011010101101001101010000011001011000000110000010010011010
1111110100101101001100101000011110010010100101111110111010100011
1101111101000101011001101010100000000100001010100101101010011100
0111011000111110011001110101100100100011100110110000101001110000
1001011110100111010010111111000010001010010010111011001011010100
0111010010101111100000011011101000110101000110000001111100010000
0100000010110011100110100010001000001111001110010101111111111111
00101101110111000101011110011111110000010011101111110100100
0100101010001110000110110111110111001100111101000011111000110000
1101111100011111001011001000101010001101111001001111110101010100
0001000111110100001101100010001011100000110101011100010010100101
0011000011001001000101110000110101000000100100111010001111111101
0110001001000101101101101110001110010110110000101100001111000001
00111110000000011101010110001110
1011000011101100101110001101101100011111000001000000111001101110
0110110000001010011110100111000000101011111001111000000101100100
1100100000011101000111010011101000101111011011011101110001101001
0001110111011100110101000001011111111010110000011110100100001000
1000100010111110000001111010011000111000101010000111011111001001
00101010001010010111110100010001
1011000101011111011001111010001101000100001011000010011101011000
0010001000110101100110000110101100111101110100011100111110101000
0010011101100101111110001100000010101101010100010111011101101010
1101001011110100011000000000000111000101001001010101100001011000
0110100100001010000101100010101001010000101010101100100110101100
11111001010111100110001010101100
0101011111101000111000111100100000010111011010111001000010000110
0010110001001011110010100110010111010010110100001110001111011001
0100100001110011101011011000000100101000101001000001011001100100
0101001111011010000001110011110110001001100011110101011000111110
0111000011100110000110010000101001111001011011111000110101001111
01011010100100101001010000110010
1100111000010100111000111000000001110011111011000000110101100101
0101011011011100011000001010010111100010011010100111100001101111
0010000100000111111110010001001000001100101100011101011010101010
1110011000000011100011110000100110001001001110100101011101001111
0010111010100000101011011001111011011010111110101111110011100001
11000000001001001000011001000001
1001111101001011001100010110001111011111000110010101000011011001
0001110000000000011101101110110111101001111111110110101100101010
1010011011011000111000010110011010000011001110011110101110101110
0011010101111001110001011101001001010000111000000111001001010110
0011001001011011110011100001001100111111010000110111101101111001
10110101110100000011000101100010
0000000011011000011100011010000000101110001010010100010000010011
0010111101110110100101001001111101111111011111111110010011001001
1010101001111011111010001000100110001101001011000100010011100011
1011101011110101111001111101001001110011101010000111101000111011
0110111111000010010110110001000101110000011110011110010011011001
11101010111000100100001100100001
1010010010011011101000011010001100010100001101000010000010110000
0111100001010000111111111001011100101101100101110100010010011010
1101100011100111101100010110011101111010001111100100011001110100
1011100110111001001000110100001111111110111111110011011000010010
0110001110100110000110111001111000110101111100111100111010111001
10001101011110101010101011001101
0011101011010000110011111100011111110010000010110101001001111001
1000001011110101111110010110000101001010111010110101110001101011
1100101111011011011101011011100001101010001000010111110011001111
0111111000010010000010111011110000010011000100000110101011111101
1110101111011001100111101011010111010001010010110110110011011110
00110111101101010100110110100011
0100100000101100101010000101101101100010110000100111100111010011
1111011001010011101100001001101110001110000100001010110001111101
0000001101100001111010101010100110110000100100001011000011000100
0111101111100000110110111010111100001010101001010110000100001110
0100100110001110000111000011010001111111111100111101010110010000
01011101101001101001100100110011
0100010100110010111101111100001101001000110101000000100001000001
0100101010000111101001000000011000101001100100110010111010110111
0100100011001100011110111101101101110111000011001111100011110011
0010011001010001001101100001100010110111011001111110100010010001
1101111011011110110011010011100110110011001000111011001101101001
10001111001100101101000111111011
0110010100110111010001000000000111001001011010000011001100110100
0100110111010011001000111001111000111101110010101001111101101100
0010101100101010010101100010000001100110011010011111110001011100
0010110101010111001001100001001100101010011110100111110010101100
1011001101110000101010001010111000101100100100101011111110010010
11000111100100001000101111001001
0111001001100000000000110001010111001101101000000101101011111000
1001111100010000000100010011010010101000001100000010010100110110
1010111110110010011000001110011111111110110110001011011101101100
0011001011101000001000111111110010010000111000100110111010010001
1010110101100110110101010000010100000011111100100100101010010100
00001111011100110011001100001010
0101110101110001111000010111110001001101000011000000110100000001
0010011100011000010001110111011111001110111011101000110000110010
1100110101100010110011001111010011110110110100110001011001110111
1001101011011010111010010110000001011110101010111100101111101011
1111110011000111111010001110001101110101110001100101010100110100
00101111010110100000010101110010
0110111011000110010101001111001110011000010110110000010111100100
1110111010101111000001001101011010111110011111111001100101100101
0101000110110010000101110010100111010011000000000110101100111101
0101011011001111101100100001111100101010010110101000011001111011
1100011010001001000010110100110000100000000101000011110000000001
11111010101101001100110010101101
1111001110001010101001100110010101011000011010001010111100101001
0110100101010100111110000011100001011000111000100001100100111000
0000011011100101011000100101111111111001100010001010011001111101
0010100011101110000100001100100001101100001101001000010110000001
0011101011010010010111001110001001111100101001111011010111010000
00011100111000100010110010000110
1110100100100001001100101011011111110100011111010011010000100010
1011001011111001111011010001011100001011110000100111001111001110
1000010101001011000010101010111000100011110010110010101000110001
1101000100111000110101100111100000101110010011000110101110111000
0011011101000001101010001011010100111011100111110001111100010001
11110110001100000101110100000000
0010110010111011110110100011100001011011011111000011111110001100
0001001111100000001010111000110100100111110101001110110101100010
1110101101000100110000101111011110001010100001101001010010100110
1000111111010101110100000001100010011010101011101111001010100001
1110001000010000011110101011111110111111010110001001001100110011
01100110111011110110101010111000
1101010101110001011101110101010111110101100001101111101100010101
1000111100101001110011110100000100111110011011011001101101110101
1100100010010101110001001101001010110101111011011000100100000110
1100110011111000001000010100100101011110011111010110110101000001
1110101001010000000010110011001100111000010100010110011001101010
01001001000100011111111110111011
0101000000101110101011101100010000001011010110010101101111111101
1110010100110010111110100101110111100110111010110101011001111100
0100110000000101100011111010000101101100001011110000111010110111
1000000101011010101000111010011000101110111010111100100111111000
1011010111001011011010011000100110000000001100010000000010001010
10110010010111010100100100010100
1100110011000001101001100011100111010011101111000100001010001101
1001011100111001100010010101111011001100011111001000110000110110
1000101100101101101100011100100101001000000001100011101101100010
0000101011100001011001000010011011000111010000011000011111011110
1001001011000000101101000011111111111101001000011011010001010011
10101100011100010000101100010001
0010110111111010100011010001100000011111111010001011100101000001
1011011011000001101100100000001100101010111011010010001111110101
0001001110100000010001010111011000111110111110000100011110000111
1100011110010110010001101010101010101111000110111001100101100000
0100110011110101100111101111110011111001010001011000101101010011
11100100111110101001010111111001
1001001100100110110001110001100010100011000111100110011101001011
1011010001101101101001010011001111100110001100000110101010000011
1010010010000001001110110010001010011001101011100101111011111011
0101100011111001111110110000000001101111111000010110111011101100
0001111110000000011010001010110010100101010111011001111000001000
01001001110111110010110010011111
0000000111010111011010100010101111011000110001011101111100100101
1111100110101011010001100000010110001110101111111101100101001110
0100100011010001010010110110111000111001101000011110010011100010
1001001000000011111101011101011100010110100010011011111100000111
1111000100111111011001001011110000111101110100000001111110100001
00100100000110011001101110110100
1111101101010110101011000011101100011101111000101100110111000001
1101101100111011100111001101100100110010011010100000011110110101
0010001110011011111110100011010010001101000101101000000101000000
1011101001010111010111011001001000100101011001010100000011101111
1111011011111000111100000010010011110100000110101100100101000100
11010111100110110110001011000110
0000010100111010000000001110011110111010111110100110100100011110
1101010001001110000101110100100010000000111011110001110111001110
0100111100101111011011111000010001110010011100110000101000010111
1001110101001101011001011010000101111011111100110001010101001111
0100010101011011110001001111010111110111111011101011001100001000
01101101110001001010101000010010
1001010111001010010001001011000011001000001011001101101010110100
1110101111110010010110111111000111000101011110000001011001110010
0110011001101000000011010101101110010111000101110100000100011111
1000010101111101100011000000101100011010001000111011111100111010
1100110000001110110100111011100101000011101111001110110101100000
11010111011001110111111101111001
0100110010101000101000011101001100101010010100010010110111100010
0100110011110110100011011000110011011101111111001101011011101011
1011011111011000001001011010011110100101110111111100001000000100
1001010010000001000100011111111001110011100101010100101000010101
1111000111000101100001110001001111111110110101001111111101110101
11101100100010011010000100011101
1001111001101100000101011010001100000011010000001000011000100110
0010011011000001110011101011000010101110110011011000110110111011
0010001110110010010100011100010101100001110000010010000001111111
0100000100011011010001100110110000000100111000010100111100101100
0011011100101100100100100111010011111100000010011110100101111110
01011110001101110010000001000100
1011101111001001010100111000110110101010100111000110101100101101
1100100000001110011100010011011011101000010101010111000001100010
0100011111111110101100100100011100000111001001110111110110111001
1010101100010100001100100110001100100000110101000101010100101111
0000110011001011000111100111010000101111100000101100001110011111
01111000000110000010011010011011
1110000011001000111011000100111000110100010000001001111011010100
1011110010100110000000101101101111010001101011111011000001111100
1011111000100110000010000110000100100101000110111011010101101100
1100001100110000100110101001011111101010110010000001110001100110
0010110100110001101110011001000011011001000100001101111110110001
10100001101000110000001111100100
1101101111000111011001100111111101000110100100010011011010011001
1001101101100110100111011010011101101100011001010000111001111011
0000000001000100101000001111001101110111111001100010110010110011
1000100011000111110110110110101100010010110111101011001010101110
1000100000100000110010111101101110110110001010001001111010110000
01101011010001001101110011111011
0111001000011100100010011010101010101011011100011011110101110101
1011011001001100100100010011110100110000100010111000100110110110
1101001101000010001110011001001011001100001110000111100000111111
0011001010000100101110000110010000110001110101011100001111000100
0001101001010010000110111001010000101111000110100010110100000000
01011011001111010010010000101001
1001010100110000110001001110000000111001100011000100100001010011
0000101010001111111011011101101111111011010011011110011011001110
0110101011011110100110100000010001110111111111010000110001110001
0001100111101001000101001110110111011111110010011000010110111111
1111011100010111110101001101101101101100110111110000001011000101
10001110011100100011110110100011
0110101011010010111001011100010000010001010100101000111101011101
1100111010011110111000111010101101011000110000011000010101010100
1011000001100100011101001111001011010101000101110101101011010000
0001111001000101001000011001001100100111000010000000101100010101
1101000001101000001001111001011001110110001100100011111011000101
11101110100001110001101011101001
1101000001100011011011111000111000011011100001100011101100011001
1111011001001101111000000100000010000011000101100001011100000100
1000110100110100110101110101011101111001010011011100011011101100
1001011101011101001000100010010100100101111001001111111000000000
0101111010001111111011011011001000010010100011111000110111110001
01100110011101110100111000010001
0110110000110001000000101000100010000000001110111100101110011011
1100111101011011001100010110110110100111101010011010111111111110
0011100011000010001111001010101101001010000010010010111101110101
0100101100110100110101000111111011101010101101011101000000110100
0010000001001001110101111101100001100000011101001010111111000011
01001110110001000111110111001100
1100100110110001011000111001001110010100111011111111001010110000
0010110000100111011010000001110100011001111011010100100000110111
0111000000000000000100111100000101101111000010111100110111101110
0111011100010110100101101011110100110001000000101010111001001100
1011011110101100011101001000011110100101001000101110010001011101
00010001010011111100110010000001
1000110101001100000110110110100100010101101011001111110100000011
1110000100011000110110101011101100001101100111100011100110101000
0100001000100100111110111111000100011100010001101111110111001001
1101111111110001010001000000110010001000110000000111011000111101
0110101011000100110101101010000001000101000110101111111111101010
01110110010000001010000110010010
0001110101000000001001001100000010010101010001000110110011111111
1010010101000110011011100101011011010110000000111000011010101011
0011001010100000111001011000100011111101110100101010100011011100
0101110101011111000010111110110101110000111101100011001011101010
0101000100110010011110001111010110100111000000110001001101000111
11010100000000010111100001001011
0010010111001110011100100010011110101000100100000010100111010101
1000110011001010001001100001011110010010010011011110010100111011
0110001001111000110111001100000111011111011110100100101011111001
1110111000110000010110001101101001111001111001100010110000101101
1000111000111000000011011010100100010010011010101010101001101010
01001110011110001010000011000001
0010000010101110001001001011010010010101001100011101110000101101
0011011001100010001101110101000110001001111100000000011011001111
0111000111111000101101110101001100001001100000110010010111001000
1000101001000101110111111001100011010010000101010101101100100001
1000010010101001100010011110010110011111001010101010100100100000
01100100110010010111000011011000
0010010011000000001000110011111100100001000100010110110100011111
1011110001001001000101001000111001101111010100101110110100110000
0000111001001110001110101110000000001010110000101010100001111011
0101010101001011001111110010011110001001100000001010101100001110
1001100111001110001001000001100010001001001001010101101100001000
11110001110111110100111000110101
0111001100100000011111000111000100001011011010011100100101000001
1000100000111011110010001110001011011101110010000111010111101011
1101010101000011011111001000001000000100111011110000100101011111
0011010101111011100000001000010111100000011001010010011011111000
1011001100011110101101111000010010000011101010000100100110001111
00110110011101100110000001001110
1111000000011001011111110110011011111000101001110110111001101110
1000100011101011110100000011010000100011010000000111101001000011
0110010101000110111101011101010101100011101100000101001111010111
1011111011101011010110011010010111001111001100000111011000010001
0110001110010001011011101001101010111001111000110001000111100001
00100111010000110011101110010001
0111010000100110000100000101010010101000101010110110111011110100
0001101001001011001010110001001111111000010111111011011011111100
1000010100011111100001000001100110010000000111111010001001011100
1011110000001110010111110011111111101100010110000101111100000110
1111000110111001110110011110011000101110001111010010011000111000
01010000000111000001011101100110
0101100110010111101000001011110010001100111110011100110100010001
0010010000001110111001101110101001011111100010110010011010111110
0011110010111111111010001011011101000100000010011001100111101111
1011100101011111100110010111010011001000000111100001000101010111
0110000110100111101111101011101000111111010101011010000000011000
1100010101001100110001001000011111011000100010101010011100110000
1111100000101100010000101000110011110001100111101100111010100001
1100011101101111110111111111011000010111100110100010100110111100
0101111011010010000100010110100001011110010010110111011111110010
0000010111101110011010010011101001111100000100011010011011110001
1111101001100111001111001011101101010010110010010001100100100111
0101011111011100110111111011000110001000101101011101110101100100
1010100111110110101010001111010011111011101110101011000100010011
1001011110001100000010111010100110100111000011110111110101110101
0111011101100001011111010001010110010000000100100000011011100110
1100000010101111111010110110000010110111100110111010111010101110
1110100101101110100101111110001010111011101010010100000011011110
1111000101100110001001001111111101010111111001100111110000010100
1101101010110110011000100100000100000101101000100110011011100011
0101101001101110001001110010111110011000010101010001101110110011
0101001011010110010010001100110100111000000011111001101000011001
0110111101100101010101001001111000010011011000110010101000000101
1001110000011101110011100111101111111011101010000111101111110001
0011001001011011000110101100011101110010011100010111110110010110
0100110010001110001011010010110100100010011001010110000110011010
1111001001010101110100000100001000100011101011001110010100001001
0110000010010101001101001010100110001100010011001010110110010010
1101100111111111011100000011011111010000111111100000101110111111
1110110111010010010101010010011100001101110110111000100110010010
0111001011001110010011111010110111011011111111001011111100101010
0101000100011111101111101110010000110000101101010011011001011101
1000011011101001010110101000010101101110010111110111010100111111
0000000110011010110000011000100010010110011010000110001110101111
1101011010010100001110000010001010110101110011101001000100010000
1011100010011000101000000111110001110100011101000101000101111011
0000010011010001010001110010110100000110110110101111101111100100
0100010111110000010101011000100101011010011111110011100000110011
0101111111100000100010000100001101111111111111101000010001101000
1010110111000111110101110001001001000001000010100010101001001001
0010101011111100011100110101101110110111110101010111010000101001
1011111100101000111010010010011110011001000001100101111100100011
0100111011000000100101001100000010101001011100111101000111001011
0101110001101100011000010101101110001111001010011000000010100011
0100000010011011011111111001001011010010101100010001000000001001
1101101111111100011000011110111101011110111010111001111011010111
1101010000001010100000001111101011111100011001010010001110100101
1000011000101101010100100001011010000100100111011011010010000100
0101001100111011101011101111111111011101001110011101111000111011
0000101000111000110011001000110101100000101000011000110111010011
0010110000011011110110101100011110111010011101001010101000110000
1010100001100011101111110100100100000101101111011110101001010011
1000110000000010001101110010101101101011000110001101101110010011
0101110001000111110110010111110101010101110110101010100001010010
1100001100000011101000110000001111101001010000111011000010111000
1100110110010100011111101110000100010010010101111110010000000100
0001101100111010110001010011111100110010100111000011110110010001
0101100000000100000101011111111111010111011000101111111011110010
1101010000111101111101010010001111100001011110000101001010000010
1101100111101111110011001001110010100101001111001001000011111000
1100101000001010100010101110111101010110111001001011101110100010
1100000101100100111010001110100001000011011100110010110011110111
1110011010011001101101101000110001101111111111001110100011010000
0101011010111010110111011100001111011011001101100111000100010100
1111100011100101110100000100000111101110001110000110111101011011
0000100110111111000010010000011011111001011101110100111011011101
0000110101100111110101111001101110011011100100000101000000010111
0101000000110110001001010000011000000000001010100110101011000010
0001111010100001111101110000011111001111010100100111010001111000
0111111001111010110101010011101001011111111010011110101100011110
0010100100110001001101101101100000011011110111011000001001000000
1111100011001111011001110001101110001010001011101001010000000001
0110000011000110101000001010100111001111100101111010011010101000
0000000001111011110110000010111100101011001010000010011000000101
0111111110000000010100001010010001011111100100011000101001001000
1110101111001110010000000111111000000001001110010110001111000011
0001010001001000100010110001110010001111100111101100111100011010
0010000101111111001110001010101001111001100110110010010000101111
0100010100010000011000100110011000100011010111011000001010001011
0010110010000100110100001001100111110101101101001011101100101101
0101011111110010011111001010001011110110011100001111000001011100
1111010001101011110111100011000001001011101011011100010000111011
0000001100111001011100100011000011011001101011101101000010001110
1101111001011001000011110010000011101000010000110111010011111100
1110000011111010010111010010110101001111011100100110011001010010
0001110101010101101111001001011010011001000100011111110000010000
1001011011110010111000110101101101000111011011101100101010000110
0100101001100000010100101111101110010011000010010010100010010110
0101110010011001100111101100000011010001110111100101111011111101
1110111101101001101001010111000010001100000000000110010101110011
1011100110011011110000010010100011100011101010000100011110011000
1001110111001011100000010011010101011011011101001001001010100100
0001100101011001101000010001111011010001001001111001100010110111
1100110010110011100100110011110011100010010010100101001001010111
1000011000110011101100100110011100101110010000111101011010000010
1000000100101010000001101010010010010110010111001111100000011101
0000101110110001101110111111000101011101011010000101101000101111
1110010000110001010100100011110010010100010000101001110110111110
0011011001110111111011100010110101001110001000100111001000011101
1111001100000101011100000011110110010000111011010100001111111001
0110101001000011011101000110011001111010011001110010100111000010
1001110101011110110111101100010000101001100001111101010100011010
1101111011101010000100010010011111110000101000101011001101111111
0010101011000101000111011011010101000001101001011011101001111111
0101010101100010101100001011101110011111000100000100100010011101
00111000000100101111100000001110000101000000110110011011001
0110101001110110011110111000100100001111100101001010111001111001
1111100110001011001011101100001010011100010000000010101000101110
1011111101101000000100111010100011000000101110101110110001111000
0101101001101000000000001001100101110011110100101100101111110100
0001011100010110111100110001010101110000111011010000100001010001
10001111100001111111111111011110
1110101110001100110100100111101010000100001101111001111111011000
0001101110001010100100010000010011110001110010101000100110111110
1101000011011100000001110000101100111110011011100010111010101101
0000011100011011011111010100010111101011111001010110010000000110
0001001011010011010011001100010110000101110100011101110101100111
11101100010101010111010100111011
0100100111000000000011101001001010010000110000100101010001110011
0101010001000011111001000000101001000000110000011100000111101111
1111111111010000001111111100011011110111001101111010001010011111
0110101111110100100001001010000000100001001111000011010101111110
1000000100110010101001000110101001101111101100000111111101101110
10101000011010010111111001110010
0000111010110010101011000011100111001101101011101110100011010000
1010111111110100110000011110111101101100010000110010111101111010
0111001100000111100110101111111111011010010110110011000111010010
0011101010010111111000010111000101000110110100100000100100111000
0000000001001010110110010110111110101000110100111010101111000110
01111100100011000110001100111000
0101001001000101110110001101110111001101101111111111000111110101
0010110010011001011111011001011100001100011110011000111101001111
0101110011101011010110001100011110101110001110100110110110000011
0100010100110010110101011011110100110111010100001010100000010111
0110110110111010001001001001000000010111111011011101111000111100
11011001000001010111001000001000
1111101011011001110110100011011011101110010011100101111011110011
1111011000100000000011100110101110100100001110001110101000010000
0001010011100101110111101110001000010110101111111000111111110111
0111111100001010001110010000000000111011010110110001100100100000
1010001001100100110011011001101001110000000010010101000010011111
00110011100100100111100001100111
0100111110011010011000111100011110011011001000010111110010100111
1110110110100000100110010011011011001101110110101111111101110001
0000010111000011011000000011011000011110010011100100101010110110
1010000111101011000110101011001101000001110100101000000101010111
1100111111100111100110111000001001001111111110011110101010100000
11110110110011110101011100111011
1100100101111011000101001000111111101110000001000010101011100011
1101000001111000110110010001001100010010100000000111110100110000
1111011101100100000110011110000000000011000110011101011101111111
0010111001100111101100101001010001100010100000101101110110000110
0010110101110010011000100111011101101111001000111000010111110101
01100000110110000101010010010011
1101101110101100101001001110011011101100111101101100000100001010
0101101110110100000101001101011110100111111011000001100111100100
1101110100100000010111100001111000011101100110100100111110100010
0111110001000100011101101001101100000111001101101001001100000110
0101110001011101010111101100001011011101000111110011100010110101
11001100100000100001001101100110
0010010101000101100001010000000001001110001100011001001000011110
1111101010111100011000100111010000001110101000111101111000001011
1111100110000011110001100111110110110001100001011011010001110001
1111100111100001110111000001100101010111010101110110101000011010
1001110011010100011001110100011000101111011100000111010011010010
00110011001101110011101110111011
1011110111101101111110110001100000111100111010101100010110010110
0010101001110011011101110100100011111100100001000111100010110001
0010101001101111110111111011101110010001000001001111011010100111
1110111010111110011100110011101000000111000101100111100101100011
0010111111010001110101001101010000001010100010001001010010001010
00100101111101010101011111000011
1000101100111100011100001110000110000000010110001011110111010010
0111010011011111110111101100111011001011110001000011010001001100
0110000000000110110101110101010101111000100101100000010001110101
0001000100100100011001101001000100011111110011001111100110110101
1100010000010001011001011101110101000110000011111100101101010100
10010111110111001010101101011011
1011011000101000000100100110111011100011101101011101001100101110
0110011101010000110011010011110010100010111001111110010001011111
0100111101100001110010011001000101101100001100111001111111000010
0100010101001111100001110010110110110000000010010111011011001011
0101010010111110011100101001110110101000001000011001111110100011
10110010101011001011000110010110
0011110111111010111101000110011001110100001110111111100000110111
0110010111001011111000100110110111001110001100011001101110100111
1011110011100011110001101000110110110110100101100011010010110011
1101110011110001010110111110010110000011111100100001011010110001
1011111000010010101110110001000011000000111011001000011101111010
10010101010111100001100011100101
0011101010101011000010001000100110001110001100001001010000101110
0011010111000001000000010101101111100011010001101111010100011111
1101000001000010011010100100101011001011010000010000010101100010
0101000010100000011010001011100001010111111111101011101001111010
1100100100010010101001111101100000110100100110100011001000101101
11011011110000110011010010101010
1011100001101000000010100100010011001000011100011110111011011010
0010110011111011001001000100100110001110101111110111001100011111
0001111011110101010010101010010101001100000100111010001001010010
1010111010111100101000011011010001011001000010001001110011000000
1111010011111110100010101110110110000111000111011100011001101001
10101111110100101010111101001100
0010101100100100111100001110100110011010110111100111100010001111
1111110010010011010010110010101010101100111011010001000111110000
1110110101011011010000011111101011100000110101100011010011010000
1010001101100111100011100101100110100111001100111011111101110010
0011001000010000000101010111111100101100110111100010010100000000
11100100010100100010111111001110
1000001010001101100001110001111010000000000010111100010011001101
0100010010101101011001111000011111001111101001011001101111010101
1110001010100011110000010110000100100000111100011101000011101000
1010000011010100111110111100110001001100111001110110110011110100
0111111011010110101101100110101010000001011111011111011111010111
11100001000011011101101100010001
0010111011111000011000101101100100111100100011011010000011110100
0000010011000001100100000001010010100100110010111101001001000001
0101010000011011010101001111101110110000010011110100111110010010
1010010001111011110101010010110110101100011101101001011111000010
0010000110001101100101000001011000011110001101000010111011000111
10010001001010001101100000010110
0001100000000111000000011000111001011010001001110101001111000101
1100000100110101111111001101101100001010100010111000100100011001
1011011111011010100000100100110110111010000000101110000111011000
1010110011001000101100100000000000110111111100101101000000101001
1000100100100010001101010100100010111000000100011000110101111000
11101001010011101000000010111100
0101111100111001011010010001110100010011000011111000110100111001
1111110010111111100000110010001101110101101000110001101010101001
0111100001001101101011101101011000110111001110011001011001010001
0111011101101000111010010011111000101000100010101101000110100001
0011011110010001110010111011100101111110010010000011111101101111
10111111000001101111100101000000
0000101001111010001000011111010111001011111111000101000000010110
0000010010100100110010101000111011111010011011011010010011100100
1011111000011111100100111011001110000001011000011101011011100011
0111110100110100111001010010110101001111111100011101011110011000
1010001110100101010111010010111111010010100011100000100111110011
01100000000101111000001001010000
0110101111010101100101000100110000100110110000010010011110100010
1111101000110001010011110110010010110010000001001111101110100111
0100101111110111001111110011001111111000101111000100010101111111
0000011011010001001000010010011010010110010000001010010011010101
1101100000011111111001110010101100111011010011110000110000101100
10110100111010110111111100111010
1001100101000100010110001110111111101111100011110000101000010000
1011100001111000010110100001111100000011001101100110010110001110
0001000010010110110000010110010110011100010001111111011000110011
1100011001010101000111101101001100110011011111110010010000010101
1101010111100110110001100011010101010011111100011100011110100010
00011111001011001001010010101010
0011001101110011110011111010111111001101101000110010111000101011
0010101110110010111011110001010001011110001101100111100001010100
1111011111010101000011001010011000110010000101110010001010000011
1110001011011100101111011111100101111110101001011110111000110111
1111110001000100101001010100001101100011111100100100001001010010
11010010101010010001101011111101
0110111000011101011110001111101000001011100110011011101110001000
0001001110101010101011101111001111010101100001010000111101100100
0001101100011100000001111110000110101111101100011000100011101100
1110110111001110001100110100111001010101010000111111100110111100
1011110011111000100001001100100111010100010101011101111110001010
00000000001000100111100111111001
1110101100011011111001011100010010100110100110000011011110001111
1011011100101110010110111100000011010001110011110111011001011100
1000101100001011010101110111101000101010001100011110110010010100
0011011110001111010100101101000010001000101010000111110011011101
1001111101110111111110101011100101011111011110010100100111101011
10101001110110011101110001101010
1101011100001111000110000011001010101111111110100100001010101010
1101010001110111000111100010011101010001100110111010111011011010
1010111011000101101000101110001111100010010111110000010000001011
0100110000100101101001000010010010111100100101111101010111011110
1010011100001110000001100111101111000011001110001010101010111100
00100000101001000100011011111011
1010110001010100101001100101101111111010010001100011111111001111
1101000111000010001111111100100101100101110101001100010001111100
0110101010110111010000101100100001011110011010001110001101000111
0110111100001011011110110010100100001010100101101010010101101000
1111111010101000001001011000001110010000111101111110100111110111
01101101000001001011011111110000
1000111110010101110101001110011001101010101010101011001010011010
1110110000100001010111000010000000000010001110101110001000100101
0011100001111111111000111111110001011110110110011011111111011010
0011000000011101000111000001001100111011011011010100000101001010
0110101001001111001001000000010011011110101110100110111101011111
00110001010111000000000101110011
0111001000100011110011000111011001111011110101011100100001000100
0010010110000011110011101010100001111111001001111100010100101001
0010110010101010000101011001111100111001000000000101001010111111
0011111110000000101010001000100000000011001111101001111010110000
1111001000101000010111010111110010111111100001110011000111110001
00111110011111000001000101111010
1011001000000111010011001110010111000101010010000000101100001001
1001101000101010101001000000010010000011110111111111011111101100
1010011101110000101011110101001111000000100110101101001111010111
0110110000010111100001000010011001110100010110011011000101000111
1110111010000001100110100011111011011100110011111100110011001101
11111010000110101100001110100111
0001101100010111100101111110011011110110001101011011110100110001
1001010100010110000011010011100111010111001111011100101111110011
1001000111110100011110011000101011101101010100011010000010100010
1011000100100011110010111111110000100101000101101001000100101101
0001010010010001011111111100000100010100100000100100001110011010
00010010101011110101000111111011
1010001101101011001011000011001001001011101000100001011101101001
1011110110101111001111100100100010110001000100100100000011000110
1100000001100110101000001011001011110010000100110110011101101010
0011110101001101101000100100011110011110101001001110001000001011
1100100010011100101011100000111011010000011011000011000000101000
01100100001110101111000010011001
1110110010100000111000110110000101100011011110111100111111110001
1110001110100111111001010000011101101001011100011100010001000101
1111000001111101101001010110001111011010101010010011100100011011
1001010010000101101111111101110011010101011100011110010100100010
1000001101110111000111010100010001011100100101001110111100111001
10101100001000110010000001001100
0100111100000011111010011101100111110011111010010000110111101100
1100110010010001100001011110011011011000101111101001111110100101
1001011010000111010110100011100011110101110001011110011110111100
1010110101100010011001000110101100001000001011011001110111110111
1111000110001001101110011100111011001111011110000100011000110111
10111001001110010111101101110000
0011111101100011011010110110011111100110000110110111100000001011
1000111010111101010010001100011011100001011011100001101001000001
1110100101011011010110000000000101100011011001101110100001001111
0010000001101001001110011111000101110011010000000010010100000000
0001001101001000000111110011010011110111000110110001110001100100
00101010100010011010111100101100
0000100100011111000001010111100001111011101001111100110010011000
1010111011001111001000111111000011010000011000001110110001100010
1001111100000000001000000110000100010111010111111111010000010010
0110011110110001010011110111100001001100110100101111001010110000
0111100011010000111100011000000010101111011011000001100001011001
01111011010100011110110010011010
1011100000010101000000111011101110111111110110110101101010001000
0101111000001101110010000000111011111100101011011000011001001111
1010110101101000100111110111000010110101000110100011010100010101
0111001100111100101101101010010101000100101101110110011001001101
1100001000111110000001101001101011011110100001000110111110010111
00001111110111011100001101011010
0100000000000011001100011011100110111100011110010011100100100101
0011011010000011100001110000001000001001110001011001001110001010
0000100111101000000000000111000101011010100001001110000111011110
0010011001100010101110110111110001001111101111000111111000010001
0001111001100101010010110011111110000101110000001011100000110110
01110111001100001011010010110100
1100011100001001010100111001010001101010101011001001101110110110
0111100011010011000111101101011111000111111111010011010011101011
0011111111111010110010010011000000110000000110111100110110100100
1010110101000000110001001011010011111001111010001110100100000001
1011101111101101110010111010111100010011111010111001110011111011
00001110111100010010011111000000
1001100001110010011101001100100101011101110111100010000100101010
0010000011110001000000010011101101110011111001000100011110001110
0000011011000011111100000000101100011101001101110011100101011100
1101100001101111011011110111111000110010001101010110001001010000
0001010000101100110000011100111100010000010100011011101110110001
10100010001100110110010011111110
0001110101000001010101001010000000010000010110010001011000110010
1100110010110011101001101100001100100000001111100100100110011101
1000010011010001010100101001010110100110101011110111110001100000
1110100010011010101010001100010100101011010001000001101101101100
0000000000101101100011111010000011111110100000101110000011011000
00101010100010100111001010101011
1000011000000001000011001011001000001000101001010011000000110110
1111110001111001100101001000011011000100111111001100100010100110
0001111100110100111010011001110111101000000111011010110010011001
0101000010010001011111010001110100110100010101100010101101010100
1011110001111011110001111110110111100100001111010101100000011100
01011110010101101110100101111001
0101011000011001000011010001001111011010111110001100101001101100
0110110100100010010111111011001000110111110001001001000011110111
0001100000111010110111110111000001100011011111010111101110101110
0100010010001101010101000000010011100101000111110111111101110101
1011000111001101110111100000110101101100110010111111011111010101
01001101100001110110010000010011
1000010111111001001001011111101101000000110011111110000000011100
0010110000111110011111000110111001001100101111110101110110010010
0101110011001100001111010000000000111101001101000111111100101111
0101001011100110010001111001011000100001111001101000100000101101
0011100010011010111100010001100000110011001110111100011111001100
10111100010101000010011101101011

