00111001000100000110111001100000
1001111100111000100101101010101010110001101110011010001010010101
1001111110001100110000011001011000110000111000000011010001110110
1100101010100100011101001011111001100101001000011010101010011100
0010001001010011101100101001000100011110001010100000110011111001
1101000100001100001100011011100100101001001001111011111110010101
1111010011000011001000100000010111010000110111000000111100000111
1011001101111010101101101111101101110010000001111010001110010100
1000010010001001110000101011111101111011010010000011111011111001
1001001110010101111011110001100101010011100111010000010111100101
0101001101001100001101101101101111011111000000101111100110111000
0011000011110000001000001101000001110000111000101010000101000000
1101000110000111100101100111101101001001001101000011010110001000
1001111111001111000000010111000110111101111111101000001011000111
0110101010000100000000100100011101110111100000111000110010011000
0101011001010011100000000000101101111010101000111100100100001000
1111001101100010010001111101010110000001111111111110010100101000
1001001000110101011010101100000101001101110010111101011110010101
0100111000000110010000000100100111101011111000001101001010010100
1110000111111101011110001101100101111101111110101111000110111100
1010000001001001110000000000010000111111011100111000110110001101
0111110001110011001110101100010110110000010001101000110110000001
0110100001011001010010100001101010011001111110001100001100000010
1010000111011110110100001101011110000110011111010101101001000100
1000000011000110010101111001110111001110100111001011001111010011
0010001010001001100000001001001100101010000100111010010101001100
0010010110010011111100011100101111101010000111011101000001000111
0111010010100110110011100111001110010110010110100100101101010010
0011100011101100010110101001001100101010001011010000101000101101
1011011000111101101110100000101010001011011000010110100101101001
1010110110100000100111000110010110001000011100011101110001100011
1000101001001000110000100101100111100000100000011001100111101001
0101101101111001000100101000110010011101111011101111010101110110
0001010010010011010101111010001000110111101011100111111001011000
0011111010111011111110010111110110101100101011110001101010100000
1111011111000011100000000000101100101110000001100000110111010111
0111001010100000100001100010100111111000001011100110010101000111
0111100000100010000011010011110110110011010111100011010101001110
0111110111001001100011101001100001000001111101001011110001010110
0100000000001100001011101011100011101000011111001101101110001001
0000101101000100110110001001011001101001000001101000100111011111
0110010110111100010111100010101011111010010100010011001001000000
1110001111111001011111110010010100110110101110011010111110010111
0001011010010011010000111101001110101011001111110110111101011011
0110010100001001101100000000100001001110011110110111110001000001
1110010001000101100110011100110101010001000011100101001000101111
0010010011110011111100001011110110011000100101110000001101101100
0011111010100011011011010001111100001010000100001011110000110111
0001000011101000101111110000011011110010011011111000110111110110
1100110011101011001110111010101110011111100101101010110101001101
0100110101111101010101101000101110000101101101111111000001011000
0101111011110101100001111101101001101011010011111011111100111001
1101110110110010100001000110100110010101010101000100000001010001
1111001100110010001110101011101011110100111011100111000011100111
0101011000011110101110110100001000001111101111111011000001110110
1011001000001100110110000001001010010100111111100000010000100110
1101110011101100100111011110111111110010010111000101110000011110
0110000001110101000001010100000011001100101110011001100001110111
0001000001011010111010110100010011111111111110001101111010110100
1010010011001000110111010011100111100101000011010110000111001001
1000011010100111011
1011110110100000010100000011000100101001111001110001001101011011
1110000010001100001100100000110001101010100101110001100101100000
0100100010011100011110011111110000000110111111010001111000100110
0010001100000001
0100011000111110110010110011010001110001000111011010101110000101
1000000011110110011000100111001001010010010000110011101010001010
0011001100011000000100000110110011010001000011110111110101010100
1111000100111101
1101101010011100001110010000111010111010001100101000110000000110
0010100010100100001111001011001010110001001111101001101110111000
0011110011101010010001110100001111100000001011100110110000100001
0101011000100000
1110001111010110101111001001000100101110000111001110011111001101
1101111100000110000000101001000100111101011101110101110000011010
0111011010100100100010001011111011010110100011110101100001100001
1000010111010011
0001011010000011110110101000001000011110000101111001011101100110
0011111101100011110111001100100111110101111001010100010110100110
0100000110010101001110101010001011011110010011111001010111001011
1001011000111011
0001111000101011000000111110011010101001110010000111100001110011
0001101001110110111000100011101100111111001110001001110101101110
0110011000100100010101111101000101000111101011110001011101100011
0010001011001101
1011110001000100110001011010010111011000111110111101001000101010
0111001000111100011101011111111010101000110010001100011010001101
0101000110010011111011111000001011110110110111100010001000110001
1001010000011110
1001100100001100001001001110001000100010100101010111000110001100
0001111110101011001001000100001100010111110111110110111101000000
1011000000000000011111100011000110000010101000100100000011110111
0001011011101110
1010001010111101000100001110011001111011010011100111010010101000
0001110000010010000100101100110101011101110111000110111100100101
1011010110110110101000001100101000001101110011001110000010111000
1110010110101111
0101011001111100111101100100010110010010011000011111100000010000
0110110111111000001011000110010110110010001001101110000100101000
1000010110101010111010011000001011111101111001011110110111010111
0100111100011001
1101011001011100011010010100000010101110011101101100010110011010
0100111101010001000101010000100010101100001100001111110001110001
1110111111110101000110110000110010011111000000101011111111000001
0010000000001010
1100001001100011100010010100110010010011010010101000111101011110
0101010000000011101010011001000111000001001111100001001101000000
1100111100111010011110011011000011001101001101001101101000010010
1110100010101110
1011001011000100110001001101110000010101111000111110001010011110
1011111001110101001001001001011101100001001010101000001110110010
1000011010101111000010000110100101111001110100011101101011100001
0011000110111001
0001111110100110110011100011110110100001011111011101110000100011
1100001011001101101111100000010010011100111110111100000000101000
0011000110110011010111111000000111100000101110101110101010101101
1011111001100110
1001001111010001010000110100010000001001101110111001111100001010
0111001000111100110111011100011101110100100001100001010111111001
1110001010111011100111000101011001001010001100011000110011111100
1000001011011101
0000011001111111110011101101001111001001000000111001010010110011
1010111011101100111100110001000111000001011111001101110101011000
0110011111100001010100010001110100100000000110101011111011000000
1011010110110001
0101001000010100000100101000000011100001011011000100000000110100
0101111100000010101001110111001110111111001010001000110101100111
0111011101110001101111001111101101101100111010000000111100100000
1100001101001111
0011101101011001010110101100110111001011010001110001000001100000
0100111111101001111010011100110101000000111001010010110111101110
1001100101100011110001111111011010000100001001000111111101110100
1000001010011100
1011110011011100001000111001101100011011110110111100111000010100
1000100010110001110011111110000010011101111001000011111110111000
1110100000001100111110111100110000111110010111111000000011011101
1100100001011000
0011011010000001000001000111111000110000100100010001100000011000
1101010011111001001111100001000100100000111100111110001000010001
0001100110001100111111011010111110101010000001100011100010011100
0101100110100101
0101001101101100010011000110111001000001111011001001100101100000
0001000110101110001110001001101011101100001101111110101101101110
0000011110011111111110111100001011011101011111110101101010100111
1000100101010100
0000111000011010001100110110110000101101000000101111101111111011
1011101101111110011011011110111110000101001010010000001010000110
1110011000011110010110000101000000011011101100010111110011010100
1110100001100111
0101101110001100100001000011010110110111001011100001101111100011
1010010011100011011011110100011101100011001110000001110010010010
0010110010000100000000011101000011111000010101001001000111001111
0001000101101010
1011110101010100011111011001101111001100110010110111111001111000
0001110110111000010000101001011101100111110001101110000000010010
0001001011010011111110011011110110110100011100011100011001011010
1111100111100110
1001011001011011111001101110101101111100110001110110101110001011
0001011000100010110000110100000001101110100111111111001011000100
0000000011111110101000011111000011000010111110000100000011000010
1111011111011010
0000111011111010001110000100110000010101001110000110010001101001
1111011001111110100001101110100101100011110110100000100100111001
0011100100100000000101010011111001101110001010111110100001110000
1110000011110010
1100111011110100110000010100111011110001110100000110111110101000
1001110010101001001011110000000001101011000011100010011101001100
0100010000001111110101101111100001011000010010110000101011111001
0011001010001010
1101011000111111011101000111011011001101001001110000010011010110
1101110111110111110111000101111110100011100111010101011011100100
1010111001001001000110101110000110111000011011111011111111101001
0110110111111001
0100010001001001110110110000001011100011010100001111011000011010
0011011010010110001101111010110010101100001111101011000010111100
1101111110000111101010100001011111000001110001000000000100010111
0110001001010001
0101000111011110111011000000100000001110101011110001100110001001
0101010101010101100000100101000001101100010111001010111101000110
0011000111111001101111001010011011110100100101101001011000111101
1100010001111010
1100110001001001011110110100000000010100111100111110101000010010
0011100101000011010000100011100110111100010011101111001010001001
0010001110111101110111101000111010011101010110000010100111000101
1000110011010011
1000011110000010110100010001001010011110111101000110110110101111
0100110110010001110011100000101001101101001110001011111111011101
0100000111100010010001011110010000110011111110110110010001000111
1000001010010100
1010110010100011101011010110010111011101110000100011011011111010
1001011110001111101000101100010110101001011011011010001001001111
1000000110111010110010101001100100011010011001100011110010000000
1010001001110111
1110111111111010110110101101000110101101111100011101011000100010
0011111011001001100000011011111010111010011001111000111011110001
1100110110111111110001001111110001111110010010101110010101001100
0010100100000010
0000111110110011011001000101110010101010100101111000111001010100
0001010101111100001111111001100101100100011110001110101110110110
0000010110001101101101111100010100001011011010010111100000110000
1111001100000110
1100100001001010010001001010010011100001010001000000110101000101
1101110100010111010101100110010010010111111110110010001111001110
0011001101110001110111111010101000110010101010110111110010010111
1100100111111110
1011111100011010101001011000001111000001010111010100001110010111
0001100100110000011011011010001001001010101010101001110101001111
1101110101100100011010101000110000000111001000100010001111110010
0011100001100010
0101110010001100001111010111000100110101000000001100000011110101
1110101001010010010001010101100101101010110100011100110010011100
1111100000110011001000110111010010010100011010001101110000001111
0000111110111010
1110000000000000001111001010110000001100011010000010001001001110
1000000111111111000111001110000001011011010101110111110101010110
1000100001010111011101010111111001110111011100010010010110101010
0011000100111011
1000100111110111001101011010111100100001010111010000110101011110
1101001010000110001010011110101110101111110110111000001111010000
1011101110100110111011010010110110010110000101111110101010011111
1001000001101111
0100011000011000110001001011101001000011001100000101110101100011
1100101110110000001100100000001011011010011000001010110010111000
1011011011001011110001010100010011010100011010001111000011011011
0100000111111010
0000101100100001011001110011111100101110001110011110010000111110
0011111100101100101001011111100011010011111001100001010011011000
0001100000001100001001100101110001010110110000110011001110011101
0011111001101110
1000001100011111010010110100110111010010001001111101111011000101
1011011001100100000110011011100011110010111110000111101101111010
0010000011010011101101110110101101010001001001010011100011001101
1110100110111111
0101011000011101111010100000010001101110001110101111100000000000
0011011110010111100000011011101101011110000010101100001100110010
0101110100110001110100010110010001100000111110100100111011000110
0010111111111110
1010000011101100000011110010100011101111001100001101000001101110
0110101001001110111110110010011000111101111011011000010010100011
1100100001101111010011111110001011111111101110010110101100101110
0011111101000101
1111010110100001001111101111110001100000000101110011010110100100
1010101101100110000011001010101010110110101100111011100001011111
1010000101101101001010010101001001111111001000001111011000110000
0000110101100101

