11010011
1100011100011101100001110000000011000100111101111001000000001010
1011000001001001010110011010100101010111010111110000100001000110
1000011101000100100101111101000001110100110001001001100000110000
0111100000101011000000101000101011101011100010001101000000000011
0111100011010000000000100111110110010000100001010010011001110000
1010000011111001110111101101100
100111100001000011000000101011000010101100110000100111100110
010001110001100000011010110100001100001011101110101001110101
001000111010011110011100100100101110010010110010111111001111
000110110110010011010000011101001000010001000000000101001101
110010101111111011101111010011000110110101000011101011101000
001001010101000100011100011101111110100010101000000110110011
100100100101000010111010110110110111011100011011100100000001
001001010000100011001100111100010101010010111101100011110100
100000011110000011100010110011001000000010111010110000101111
100010111101100101011000111100101010100010000110000000100110
100000110011010001100101000100010000110110010000000001001110
001110111010011000000001101000000000011010011001100111011111
010100010111100110000111101111110100101000000001001001011001
011101000100011001001110111010011101101110011101111101111101
011011100000011001010000111110111100110110001000001111001110
011110011011100001011101100001111101000111101000010110110101
111000111101001010100101100010111101110110000110110000111100
011111101101100000100111010101001101001111101100111100000111
100110111111000101101101000011010110111000110100011011110011
110110100011000101011111100101100100101001111011111111010011
010101011100001000000111001101110000111000011001001010001111
100001011101111110100001111010000010100011100100111100101100
100010111011011111101101100101100001000000101101011010011111
101100011111001111110011010101111100101010100110100011000010
110111111011011110010010011001001101011001110011101011001001
110111010100000010111111100011001000001111111100101110110110
010001001111100110011010100111000001111010100000010110111011
110001101010000101110100011110111011000010011011001001011011
000100110100011010111010111000010110001010000101010000111000
110100000100101011000011000100110100001101010100000011000111
000111110101000001110011111010001011011101111110100011100111
001101101011101111111001110100000010101101001000010111100001
011101010110001011011110010101110101010101100010111101110011
001110110011010010101011011101110100101011011011000110011101
000101111101100010001000110100011111010011010000000010100001
100001110001011100010111111001100010000010110110111001000101
101000011110111111100011100111100011001101101010100001011111
100110001010111111101010111001100101011000100001001010110101
000011011101101010110100010010011011011100110110110011001111
000011000111110101011110111011010001001010101000111100110000
011001010001100010000101011100101100001001111011110100011110
011101101000111011111100101100010100110101001010001111101100

