0100000111110011100101010010011000100111100000001010001111010001
0000101111101101110100001100010010011001001100111000111110000010
1011110100100111010110000101111001111000010101010101000111111101
0001001110001111001110110100010001011100111011101000101100111000
0011001100011100000100000001100000010101010011111110000011000101
1001101001101001100101010100110001100001101001011101100011010000
0100100100111011001010100000111011101010110011111110110001001100
0001001101100110011111001100000001111111000101110010100111111001
1010111100101000001110010011110100001111101111100110100100000010
0011111010000001010101101001111111101100111110000110000010111011
0101011010011110000110000110100000111011010010110001011001011111
1001110011010000011010001011101010101001110001010000100100101011
0110000100101100001011001100010111000111011101011011010100111011
0110100000100111011001101000011110110110100010011100110000101100
0000100001100011001100101101010100011111110110100111010000111100
1100010011110011010010111100101010001111110111110011100011100001
0110011010010011111101111010100000100100010111111011010011100000
0011101110010100010010010111000011111111010011000100001010101010
0111010111111011100101101111101011010101111100001011110010100100
1101100001001010010101101001111111100010000101011011010001000010
0001101001010110011011110011010110101011010101010110001101110110
1000101001011111110000000111000010011101001000111101111010011101
0101100101101101011111111001010001100000010110011011110011001100
1110011110100010110001001101000111010001010110110011001101000001
0111001010011000010110010011101000100111101111011010110010000011
1110010111110100010110000000110111000101010000001000110111111010
1001011001001000001001110011100000101001010010100100110100001110
1111010111000101110111001010011111101000011100100001111100010010
0111110100011100000001001100110111010101110101111101100101111110
1001011011011010010110011111010000000101010100100001101001111010
0011101111000110001100001100101101010111000110100010101101100100
1111101101111010010001010001001111111001110010100010000110000011
1011000010110000000101101111101010000100101000001000111111110010
1000010101001110001100010001000001100000000110011110111000101001
1110100100100101110000100011011110011001000101111110110111110111
0000101100100011110101011001100011010111100011001001011110010001
1100110001101001100110111001100010110001111001100001000010010001
0100100011001101110010101000110111001101110010000101101011100010
1110101111101001101010111010011010100100111111000010100011011101
1100111011000001010001110011111110010111010011010111000100000101
1001100101001011001110111001000011010011000011101111111100100110
0010111110111111100001100110010101101100010001111011101100011100
0100011100010101011001111110111000001001000111010000110110011101
0011011001000111000001000011000100000000000110111100010011110000
1100000001001010011101101010110001000100110100000011101001100010
1011100010001011110000000100110001000100100000101101001111011110
0001010110001101110000101101010101101000011100111101111111101001
0110110110110010110001110100101111011101001110101010000011000000
0111010011011101001100011001001100000010101100000110110011010101
1011010100000000001111000100001101010001100010000110010000100000
1001001011110110001101111100111101010100010111111000001110100110
1100011010000110101010101100011111100001000110111110001110110011
1001111011110111010011100011010100001001001101100011001101110011
1001100111011001001111000101001101100001111111000100010011100001
1000000110001010001011011011000000000010100011110101001111110010
1000110100011001010001011011111100010001001000111100110111101101
0001001100001010000011011010110010000101010100100111010001101110
0101100010111011000100111010011011010001110100101100111001101110
1110011111001010010110001000111000100010101001111001100101101110
1101001010010101100111010010011100001010000110100110111111111001
0101001011111001001110100011101100111010000100111010101110010100
1100000011100000111111001100011001000011001111110111011110011000
0110011001001111101001100000000001001111011101101001010110101010
0000000001010101101101000111100010011000101101110000100101110000
1011100110110011001110100111000011101101101111100100001010101010
1100011010000011011111101001011010011110111001101100011010100010
0010000001111001110011011010111011001111101010111011000100011100
0010111110001101010000110011001001001011100100011011001000010100
1011001100111100011101111011010001101100101110111111011011000110
1110011001000010000011010001000111111111011100011100110000001101
0001011111110001010111000000010100001110101001111110110111010010
1100111100011011000000001001101010110101111011010001011101011010
1101111001000110110110000010010011011010000010100000101111111111
0000110001100111100000100111100010100111010001100010100010011001
0111011011100111101000110011000110110100001100001000000111011010
111111011
0110010010010000011010011000010010000101000110100100000111011000
1110111010011011011010111110001100110001100101010111010011101101
1101001111101100000001010001111001010001101100011101100001110100
0011110010010011101110111111111100000000110010101001111110011110
1001000010100110111011011111111011100110000011010000000011110000
1101110001111010101110000000000000111101001000010010111010111101
0111010000001100001111000110100000100000011100000111111100101000
1110011001100010010110001010010110000010110110101000011111011110
0110010111010100010111001100000110101000001100011110101000110010
0011111000001000010010111110001100101100101110110111100000110011
1111100001100000101101011000000001001111110000101110111001011011
1000011011101111000010100110101110010110111101110001001110000100
0011111001101000110010011101101101111010110001011000001100100000
0010010001101000011000111110010010111111010001100100101111010000
0011010001000111001001001101000100110010110111101000101110000111
1101100101110110101110101101101110100010001000110001111100010101
0010101100001100000110000010011111011100100111111100011101001100
0100000011010110101001111110111000010010001000010001111011010100
1101100111100001110000110001010110100111011101100110100101110010
1011010001101100100001001101110111001101001111100111000111110101
1101100001111100110000111011110110011010001010111110110111111011
0101011100011001110100001000011010111110110101101101000111110100
0101010101111111111111111110010111010000110101011000100100101110
0001101101000000100111000110011001000001000110011110110111101101
0011001100100111000110111010000011010010110110101010110100100111
0111010110001111010000000111000101111110000111100011110011111100
0001001101000101001111100011010011010100110001010011010111100100
0000010001100010101100101111000011001100000101110110011011101100
1000001000001000011010111010100001011000111010100011100101001101
0100101100010100011110000101110000100000111110000001100000101010
1100001011101010001011001010100100001010010000110110111101001100
1100100010001000101101010010001100110001010100010111001001110001
1000101000111101101111111110111100101111100101011100000110001001
0101101001001000010101101101000110110110011000101001001000001110
0010111110100000000011111011001011111010010000011010010010101101
1111100010000110010110111110010001101100110110101101100110011111
0100101111010110011001010000010000111110011010001001100100001100
1010110000100011101100100010111110011001110101111000011110000010
0101001101010100111000111111111000111001010101111010000011010000
1101110100010111001000010010110011011111111110100000000111010111
1010100100010001100111101100001111011100001010110101000100100100
0111110001010000100100001110101100011110110101011100001010110010
1111010100100111101000011000101111111111010010111001110000101111
1110101000011011100010111010011110010111101100101001010011010110
1011100111011100011110110110001001101101100010011000100000100110
0000011000000111111010110000011011100101100011110101000110000101
0100001000110000101010001110010111100011110101001001011010101010
0110111101100001000111010011111010011001100000101101101010000011
0000011010010001010100010010111011111111011001001110101011101110
0110101011000100001001000001000111111010101111001011101000010110
1110001001010110001101010100110010110101100010011110011110110010
0011110111110000110001110100010011111100110000111110000011001111
0100000101001010000101010010000001010010010101000110001000011000
0110110010101000110100101001011010101000001011011001111001101100
0110101010101111111010100000000111001010100111001110011111011101
1011100111001010101010101011100000110111000000101110111110100100
0100111111001001010110110011100111001000101001101111101010110001
1100100010001111011001100011100101010101101110110101110100010101
0101001111010011110101110001001100110101110100010011001011000000
0010011101100010111110011011101111000011000110011000000010001010
1010010001010111110101111100100111101101001111010101010010100111
0011101001001010110111100101001011111101010110010001011000000111
0101110001011111011111110111101110011110011101011110100110111001
0010010011000010101011101111100001000100010010011100101111000110
0110010111101001101111000100101001100110100000111101111100011001
0000100011111101010111000111001110001100111000011110101110111101
0111010011001101101101100011001100011101011001001110110110101110
1000011101101100001011010101000000011001011100110000011011010010
1001111011001110110011001100000111111101011110101000000111101100
0100101010111010001000101011010100100111011011100001111000000001
1101010110010101111000110010100100110101110000100001011100111100
0010101100111101101001000011100010110111010000001010010011010011
1000011100010101011100110100111000110011010100100010110110110111
1101111101111011010100000011001010100000110101010100001101000011
1000001000100101100110011010100000001111001100101111010010111111
1101000111100110011010101110001110010000000100101010101011000111
1010011100000111111101011101001010110001011111100010111010010110
1010101101111100010011010000011110100110100111000110110000111001
1100010011011110100101100110110000110110110100001001001011110011
1011101111001011110010001000000111000010011001011001100110010101
1000000011011100101100101101111011110101111100011100001000111101
1000110001110001111110001111111101110101010111101011110011001011
0011010101010001011100110110000001100100001111010001011010111100
1110110001010111110101111111000100111000101101111101001001001110
1101110110010100101010011111100111111100010110100100100000110100
1110110111100011110000011011111110011000100011110011000011010010
0100010001100011000110100001011100110001101101000111100100010111
1010101010100011110011010000111110100011001110101100111111001000
0100110110100110111111000011110011101011100110100010011100101010
0111111110101100000101001010110100010110010010011001001100101100
0110111000011111011100111001111100010000001000110101011101010001
0101101000010110010110000110111000101100011111001011011001100010
0110110101110001010111000100100010010010100000111010101011100011
0111101010100101001001010000111111010110100001010000000111110001
1011110001100010111110101010111011010110101101010111011001000101
1000011010100001111101111100111110000010011110000100011011011010
1100000000111111010111100111000010100101010100101111110000010100
0011000111100110101010011000011001011111100011111101001011100101
1010010010011111001000010001100101010000000011101101011000111001
0101100111000001110000011010111101100111011100001001011110111000
1101010011001110110000000011111101011010110100110001100011100101
1100010111001000110010010111101110110010001100111101001110001100
1101100001111100100110100000011001000000010010101010000110110000
1001011000000001111110000010011011100010010000110100010100010010
0101100000010101010001110111100010001100000011110101010100010011
1110000011111110110100000100100001101010000100011111110110000101
1110100010011111000001101001000111010100101000011001100101010111
1010110001100010010111001101110111101000111111011000101110011100
0010011110100101111011101011010111010001000110010111101111100110
1000010011101001101011111101011011101101110010001000110011100100
1010100110111010011111110111111001110111001101111100010011011110
1111001010000110001111100111101001011010000101001110111000101100
0100011110110010000110010000111010111110110111010101001010100001
1001011000000000010100110100011001001000000100000111111001101101
1110010100001001111010101011001011111111101110100100111000011101
1000111111110101000111100010010011000110010110010111010001010011
1001101010100110001000100000001111001111011101101110101110011111
1110001101000010101100110110000100111101101011000111001010100011
1011101000101101110011000010110011011000111110110001101011011101
0001010100000100000001111010111100111001101011110010110011000110
0101011110010101101101001001110000110111101010100101110001110011
0000011011110011101101001101111111001011011001111110100010110001
0010001110010101010000001110101110011001001000111100110101100111
0100000110110110001011110001110010110101001110011001100000000011
1110110110001000011110010111111001111111110111001101100110001010
0011111000100100011111011000001110001110001111100000101110110110
1001110101001110111001010101011110011111001100011101000010010011
0111000110110100111000010011110110000001110111101100101101100011
0011010011001010101111000101100010110011110000110101010100101101
0100010110111101110011111010100110111001000000011111101000001010
1111111010000010011001011110111101001110011000111000011010100000
0100011010110001000001111000100010100111010000110010101111100011
1100110111101000100010100011001001011001000111101101000011010100
1101110101000000101011000000001010001010101101001000010000100101
1010000101001100110001110100110000011000111111011011110010110001
0000101110111101000100001011001000000100011100001101100100111010
1110100111010100100010110100000010011011000111111001010100001110
1101000100000101011100100011001001000000111100101000001111000001
1100000111010111010110001110110010010100110101000011101011110111
0110011100011001010000001100101001010111101001110001010011100100
1001111010110101000010101110100110010100100101110101101100110101
1000010100011000000001111111011011001001000100101001110011100100
0010010011000010000010001000010100111011110011111100111000111000
1011010111001010110100011001101000011101110011011111011100001011
1001110010011010100011010001001110001011010001011101011001001001
0010001101010001011110011010110111000011101110000011100110101100
0100110000110101101101111101000101011001100101000010011011110010
1101011000101010000010011111011110100100010011100111111101000101
0000001101100001100001000111111111100100110100010100101111111000
1111001010001001100111010101101010111011010010000010011101110011
0100000110100101111000010100110010010111001111000010111100000011
1000000111010111111100100110010101111101100010100101011011110110
0001110100011101001101110110000000011010101010010011100010110100
0101111010110100000010010000001100110001111100000000101000011101
0111100110110000111011111110101100111111111001010010101011101111
0000100111101010100110001110000001111100000010101010101010110101
0100101000011111000101111111000000111011010010100010001100100001
0110010110001000100100101100010110000000100101101000000001011011
0111010000111100010000100111110011001000110110110110100110111111
0111001111000001010100010110011001011000000100100000010101001001
1111011010110111010000011000101011101001011001001111010101101010
1010111111011001000000001110011110010011011101110111101110010100
1110011001100000110110000100000100111011111010100110010100111000
1100001011011111000010011101000101000000100001100001101011101011
1100110000100011111100010111110000000110000100001101001110011100
0011111010011010001010111010100111110011111010011110111111100000
0010100111011111111000000001001100100110010111111001011010110000
0011100101100011010101000011010010001100110000000111101010010110
1111010110100100100100101000101101111100100011100000010011111000
1011110010000111000001010101000101001101100110110100110011101100
0101111111011111111110111001111001011111001101100110010111010001
0000000110111010011011010011101110101001000100010011010111011011
0001000011001110000100000101101000110100111001100000100001000101
1110111001000011101001010100011110111101001110111111001110011010
1000101110110100001011011110001101100100110000101011000010010111
1011101011010000000010010111101110111011111000111011010001100100
0100011001011000000000101001000000000111100110110010001000110011
0001111100000100010011000011110100010000111011111110110101111011
1001001111111010110111100010010001110001011110111001110100010110
0100100000010010001111101101011000101000110100101010111100111010
0110010000100001111101100000100100111100100110101100110011110001
1000011011111011111001100010100001101111100011110111111000010111
0000111110011010110101011111110100101111101100010011110111000011
0001111101101011111101000010101110100100010011010110110000010111

