00010110110010100011001011010111000100
101010101
1111111110100
0101011000011
0101010001001
1100001000000
0010011010110
0011011101000
0100111001101
0111000011001
1000001000001
0100110110110
1110011010101
1111010111011
0000110011001
1001111111010
0011000011110
0101011000001
0101010000001
1011101111000
1111100111100
0001100011011
1011001101010
0010011000111
1000010111110
0010101001111
1000101101110
1110010110111
1010001011111
1111100111100
1010000110001
1100010001100
1000100100111
0100101010000
1000001110110
1111101110101
0110101011111
1111001000011
1000101010001
0100111101010
0010100100011
1011110101001
1000111000001
1101001111101

