1010011010100111101011101010011110111011000000100101000011110101
0100010000010000010001001101000000001100100011010101100101011111
0110000001110111011100011001011100001000111011110000001111000110
0100110011010011000111110101101100001000101101011011001101110100
0000100010100010111100010011010010111111111000111100101110110111
0101100010010101010101101101011101010101110111011000110101110100
1000110100011011011001010101101011010111101000011000000101101101
1001010100111000111001010110111110000001001110101010000110111000
1101100011011101000010111011110000111110010011101000110010110110
0111110111110101010110000101011010000010110001010011111110110010
1100110101101100000111101011101010010100000001000010101001101100
0011001110001110000001001001001001111010000010010100010101100010
0011101111111111100110000111101101110110011000011101110101110100
0010000010001010111000010100011110110000100111111000110000010000
1001110001011000011110010111000100010011000101101000000111111011
0011111110010011000100001111101111111010000000000100110101100000
1100001111001101000110001001000011110100100101010100111111010010
1101100001111110111010111011111001100110110001100000011011100000
0010101100111011111001000100010101100011000101110010000000011100
1010100111110101110001100100000110100010011111111100100001010111
0110011101111100101100001001001110010010111100001010011000110011
1110100010100010101111110010101011010111111101101111011011110100
1110011010100101110010100110011000111010100111111010111010001101
0000000100100010101011000010000001111000011011011010010010101110
0000011110110100000100011010111101010010101000011011011001011100
1111011100100101111111110001010000000000010100000011101111101110
1101010001111101110111111010100011011100110100110100000110000111
0000010011110110111111010100100101000010011011111000001000001101
1111010101101101101010111010011000111110011011101001100011111101
1000101100101001010010001010101110100010101001001110101010001101
1000110110010010001000101111011101001001010000010100001101010011
0111011011111111110000100100010100011001000101110111110110000011
1101100100000001011111000001000110001111000100100000110001100110
1000010111101011010100001011011000011011000000110111000010111101
1100000100000111110000101001000111000000101110010100011001010011
1101100000110000011110101011101100010010100111101111001101111100
0011111111001110001000011011110110100110111111110100010001101001
0010000111010110110001110100101001111000101011001101110110111101
0011110101101101100011001001100100110100101000111000111001110110
0100000001100100100111010101011011010111111110111100011000111001
0100000100011111110001001100101000011111111011101000010101110001
0101011101101111110100100110010111010000100111100000111000100101
1111111000001110100001011101000000011111001010110000111101010011
1000111001000000010101100101101011000011011011110100100100010011
1111011111111010110000010100110101011100001010000000100010011110
0000110101011011101100010000111000101010010010001010001000110100
1001001011110000100010100011100000010111111111001001010011100010
0111100011110010001110000000100011000010010010011011001110110011
0011111101000101000111111000101111001001000110101011101111111011
1001100101111001100010101000010011010010110110010000011011110011
1010111111100001001110101111100010100101101101001101101001111000
1100111111010010110101010011100011100100011001000100100010010101
1110001010101101101010000110100100001100111101001000010011110000
1000101111010010001111001011001111100000100100011100101011111001
0010010000101110011111010101011010110111101011001001100001001111
1000101110101100111011100111111111101010011101000001101101111001
1001101001010111111011000111110010000100011000001111011011110101
0001101111111101010111011111110101101111101011100010011010110101
1000010101111101010111011010110011100000000101001010100001000101
0110001010100111011011101001001001000111110000001100011011011110
1000101000100001000101101110001101101000100101001101010101110010
1110101011100010101100110101110011010101000001110010010100000000
1111001110000110011001001010001011111000110111100000111011010101
0111010010101000000000010011011010011100111011111100101010001000
1010110110001111100011110010110001100100111100100010010011111100
1001110110101111110001010001011011000110000100010111100000001001
0001110110000111011010101011111100000101010001100010100001001111
1110001100000000100011010101000101111101110111101111110010000001
1101101110100110011010010101011000001110111111100000110001110010
1110000111000101100011110100010111100010011100100100100101110100
0101110111101001111000110011000010101100011011111010011101011011
0011101111110110110011101001111100101010110111001110010111100101
1000011010000000010010001100010010010101000010001010101111100110
1101111010111011001100000101100010111011000010101111011001111110
1010010111011110011100010100001000011100110100000110110000000010
1111000110110111100001011111100011010100101011011000010111001010
0001111100011010011110111010010100000010010100000100111111011001
0011001010000000000011111000100111110110110110111111101010011100
1110100101001110000000111011100011011110111000000001011100101001
1000101001101011000101101110000101111111101110111101100111111110
0111100110100011110010101100000011101110101100101001001101010110
1000010110101100110011011111011010011000000100111000101000100110
0011100001001011010111001111111001010001000111001101001000111100
0110001111111111100000010011010011101011000010011110000010001011
0100001100010010100110010111101110001011010110011001110001111010
0000000111100100101100101111110110111111001101101010111001001100
0001110011000101100101011100111111001001100100010101111100000001
0100110000100100100001111000111011101100000101001111000111010100
0010000000101111010110101111000001001101010000100100110100100100
0101101011110001111001001001111101001000110110110001110010010011
1000100011010111101011111111101011010100111000011111110101001001
000111000111110000010100110111110
0001111001111101101001000111111101010001010011101100000111000001
0011110110010010110101010111110010001100101111110001100111100011
1100101111110111010000001000110010000101000100100010000001011010
0101100001000001100001001011111101100111011001111010100101100100
0111011110001000100110011100011011001010111100010000111101101011
1010111010001001100010100000111001000101000101101100010111011011
0010101111110010101011100001101111111100011111010100101110000001
1010000100100111111110110001010011001001000001101000011001111010
0010011000000000011011101010010011011001110110101101001000100001
1100010100001111110111100000001101111010011111001010001001010000
1101000100110000001001000100100101100010000001011010100001110011
1111110110111000100100110111110001110011001000111010000000001111
0110111100001111111101010111110110010110010101000101101001011000
0101010101001110000110000011100010010110011100010101111010110010
1110100001110010111111111111010010111101001101111001011000010010
1101000101010110010101000010101001110011101011000110101101100110
0000001001101110110110100101011000000001011111110110011110001110
0111101001011010110110011110010011111100101100001001001101110110
1010000110011100111001000111011000100000010111101110100001110000
1001111111001000110010110011110011100100010001010001011000101010
0000010101100110000010111100011000100000111110010111100010010011
0000101010110111110010111010010001010110011110100100110100010000
1101000101111001001111001011010110001000000000001011011101011000
0100001110010100011110001100011101000100111001100000010001101001
0100100101000101101001001100011111100001011111010100111001101110
0110011000011000101010000111110000001010110001000001101111000100
0100011011101101001111010111110101011001101110000001101010011100
0111000011011101111110000001100101110110001011101111111000110101
1101000111011011111111101101110110001000111101011011111111011100
1101011101111110110010101010010111000001101101111110100100000110
1111100100111000100000111111000010110110110111000000110100101010
1000010101101111101100010010111111111010111110000010001001000111
1101101101101011010000010010011111111010010110010111110101011101
1010101000100000001010000110101101110100000111100111111111001001
0100110000100110010011100010111101111111110001011011011100100101
0010110111011101100101101110010101101110111000100101011000100011
1110100110001000100100011000100011000101111100111010011110010000
1101101010000100101100001011100010110000111111000110010001101011
1011111101011010100010000110101101011010110111100101001010111011
1110001011000101111101101001110100000001001110101010001000010010
1010001001110011111011000100010100011101001111010011110000010111
0111111011100000111110010110110111001000101100001100000100001010
1000111110010100000010101110001110001000011100000001000001111010
0011010010010010110101000000111101011011010100110011100001011100
1100011100101011000010110100010100101111100101101001101000011000
1111010001110111110011010001001000110010011001111001110011110000
1011000001011010110110100000001001001001000110010110101101000100
0100010010110000001001001001100100011000101110111011001110110000
1100011110010010111000110100000101101011110100000101011001001110
1100011001001110111010100100110000010111011010111111010111010111
0100011001011000101110000101110100111001110101110010000011100111
0001100100010101000110111111100111011000100010010010100010001000
1001111010100110011000001110111110110111001100110011010011000101
0011000001001000011100001010110011110100010001111010110100000100
1011110110000101010111110110001000111100110001100010101001010010
0011111111010001111001100101000011000011101111110110110101111010
1101001000010011110010011000000010100111111010000100100100101001
0010101111110100100011110111001111111000101111101011100010110111
0010010110010000001011100111111011110111001110010100010010010101
1001011100110100000111001010111110001110111110000001111110001010
0001001011100101111110000011111111001110010011100101010100100101
0100110011110001101100011111010100101100011001010111011100010000
0100010000011110001000001110101100010001011000001011101111111000
1000111110110001101001100010110101010000001000101110011010000001
0010010000011110101001001000011111010000011110111101010110010010
0101110011101001101101100010111000101010011001100111010111011000
1011001010010100010011010100111110110011110110001011010011000110
1001000100010110101101111000001101011010010011010100010101010111
1110110101111000101001010001011101101010001001010001001100100001
0101001101000101110110110110000010110010101000000001000011011111
1101001100101101011100110010011110010101001100011111111011001011
0110111000110001101100110010010101001000000100111010000100010100
1010001000101101000010101000110111010101100011110111111111100111
0000110100011111010110010011111100011111010010101101001011011100
0000111010010100011100001101010000010010001010010000110110101000
0111110111111000101101011100010000001101101101011010111101110101
0110100100001011111010100110000100000110010100010101110011110000
0111101110101011100001100111100000001101111110001100000010001010
0111010111111110000000011111011001010001011100011110011010010011
1000110100010011011110111110100011110010101111010011101001111101
0011001110101011000100100000001010101000110110010000100001010101
1011111010110111101000001111100010001100001010010110101111101110
1100000111000110111110100011001111011111001000000001011011011111
0110010011010111010110011010111001011000000010111011110100111101
1100010110010110011111001111011000000111001000110100000110001101
0001000011000101000011011011101111101001010001010001011100001010
1101101110000001000001111010010101000000000100100100000101011110
1111101110100010001011010010110011000111111111001001011111011010
0101110100111000011000001111100111001001001101100111011111101111
1010011110110010010010101110011100010000101100110111001111111001
1111000101010011111110001100111000100110001111111010000000010001
0011010000000110011101001100111111011011111010011011101011000111
1111110100110011100001111100100100110001101011010100010011110011
1011101100110110111000011010010100011101111110000000011101010101
1011010110011010010110011110100100111010100000111110100010000000
1001001010001001111010010000110000101001001000001111010000100111
0111110000110110110101101100110111100000011011010110001001101000
1011000100111000111011011101010110110000100011010100011101100011
0010101010110010100100010111011000110000011010110001010100010111
1100010100101011011101010101010110111010010011110010100100010000
0110111111110010000000001001111011101011001111000110010001011101
1001011011100111111010001101101001111010000001111011010111110011
1111101011110000010110110001101101100101011111111100011101011000
1001000000100011100001101010001000111101011010000000100101101010
0010011000010001001101100111010111011000111000110001110000100000
0101110001010010001110101111001110101111001001100111111011011011
1001110111100101001100101010000111001000000111101001101100111101
1110111011101001101010101000010011001111011100111010110000110110
1110101011011101110001011011010000001110010010010011010011110110
0001010011010111011110001101010000011000110101011000111111011110
1000011000100011110000011011000110110101011110010010100010100100
0010011110110001100000100101001001011100100100000010111011111010
0100010001010100000000110101100101000010100101101101101111001100
0100101010011000010010010110100001011010110100000100001011111000
0111111101011000000100110101011000111000110000110000000001000100
1000011101010101101010100111100110101110110001010100010111110101
0111100000111111000011100111001100011111010000110000111100010111
1111000000001011100110001011110101000111110100110101101000101111
0111111000100001010001111111100010000011001001110011101100110101
0110110100110111010000011001001101100100010000010111011110101110
1100010001111011100010100000110010101110011101010010001011011010
0101000101110011111010011111101110011011110010010010101101010000
0011100110101110011110001111110011001011100010100100001110000111
0000101110100111000100111001010000000010001011001011111001011001
1110011000000010101100111011111000100100101001100100110000101000
1110001100111010100011001010010111000011100111010010010111101100
0110001000111101101101010011101001011111010001001111001000010001
0100111000111111110110001100010100111000000010111000001100101110
0010011111001001000110110011001000100011010111000010001001110000
0101111010000100010101111110110100001101110100100011111110100011
0000011001011100000100001011001010010010001100000100010010010111
0011110010000110000000101111100111111010000100110000100100000100
0011100100100000010100101010011111011101100111110011101011100010
0010011001100101110001001110111110111011010100111011111101001010
1110101001101010110000000101101110110000100100100001000010110101
0100110100100100100100100011000000001111101001111001011000111100
1000111000110001000100101110001101111001010010000111100000100011
1101100001000111110001000001111011011010000100101100110110111111
1011101001011110001010000100011011011110000001101111101100100111
0001110100010010100101100001101011010101111010000011110011011110
1100011011110010010000110010001110110011000010101111111011011000
0001110001000110010000101001000001010110100011000110001000100110
1001110000101000111100010001110100000001110110111100010101000010
1010111000101101001100011011010100111001100111000000010111101110
0110100001010000111101101101111001111000110101010110101100110001
0110101010101011101110100001101001111111100111110010001011101111
1011101010111111010011011011011001010000110111110100100101111101
0010100000110010111001010110110010011101101110011001000010101111
1111010000000101011010110101011111010001100111000011000011100110
0110011110100111010010111110101110100101100011110111011100010011
0001110010011100100110101100100100101000000001110111101101001100
0001010001001110001011011010111100101111110011100101000101110001
0000110011010110010111111010000101110010101001010000010000100001
0100011110100001000101100010111001101011001110100010011001011000
1001110110011101000100001011111101111110111001111001000110011011
0011110011100000001011110111001100001101010001100111101000101101
1101101111100111110001100101000000001100011000011110011010000111
1001011011101110111001010101101101111101001000010100100001010011
0110000111011111000110001011110111111110001111011010101001100010
0100010111001110110101001110100101000000010011010001110101001011
0100101101101001110001101010111110110111000110100110111001011110
1101101010001011011011011110100001111100001111110101101011011101
0101100000101110111110101101011010010010010111100001101110011010
1000010101010000110111010100000100011100010111011011001100101100
1000011001110100111111100110111110110010111110101010000000010010
0001111101100000101010100110101111100001000101100101101111111011
0111100010101000001100001100110010100110110111100010001001011010
0100001111111111000110100000010111010100011010010110101000001100
1000000010100110010011101110100010010100110110101111011000011001
0010001110100110001110010010000101100011101100111011011010010100
0011011001101011110110000101100110110100100111001111111110111011
1110101001011111001000111111000110100110101111010000011001100001
1011010100110000111111101010110110100010010101010001110100100001
0001010111110010010111110101010000111100100000000000011011101110
1010101110001100111000000111110011000010101110010001110110010010
1100010010111011000000100100100000110101111111011011110010110000
1010110000110000011100001001111111010110001000100001111110001001
0011000100101000100110101010110011111001100101010110111000110101
0011111110101010110110011001111000010011101100111000010101010011
0100111000111001110101000011011000011000011110000111011010000010
1010000110111001111101001001011010010000001010110111000100001011
0100011110011010000110011110111001001011001011111000000100101100
0100011010001111011111011111001001011110110110101110000101100011
1001111100011011111000101000001101010010101000111001100100101000
0011010001111101000111011110001111011110101000111101000001111011
1110100100010101001001011101110110101101011110000001001011110111
0000101111101001010101010010010000100111111001010111011000110001
0000011110111110110110011100101111110010110001101110101000111010
0110101011001000100100100010110001110001001010011011000011101110
1111110111000000001110001111110110001011001001110011101010000110
0010100101001001001100100001000010111101110110011110110001101000
1010110111010111011010001001000010001111101011000000010110000000
0110000101001110100110000111110010000010001111111111101010101110
0000001111110110000000011111110110010110001001010100110111100001
0001001100010010110111000101111001011100100111110111111100100010
0101000010110010010110000111011001100010011111110000111100011101
0110111001110010010010010011000101001101010101110110001011100010
0101001011101010110000111010001111110110000000111001000101011110
0100011010011010101110111111110010100011101000100110111111001111
1010010101000010100110011001011101110000100011101010000011010000
0000001000001100010110001100110101011000011111010010010011110111
1100000111110100011111011101010111111100010111101111000000101110
1101101010100100000110010010011000000001101001111010100010111010
1011111100001001111000111011100011000010110110110100101100011010
0001100100010001101111011110100010100001000011111000011100100011
0110111101011100100010011110011001110011000010000111001011111011
0111011011010110101100111010100101101011010010000101110000111100
0100110100000000100100001100010101111000110100101001100111110000
0010101011001011101110110101111011111111000001101001101111001001
1100011101000011110111101001000101011110011110000111111011010000
1100011110000010101010101111110010101011100000110110101011101011
1100110100110000101000001010010000101101110100010110010001000011
0101110100101101101001100111010110101001100000101001111010111010
0100111011100000010000000101000001100011101000010100000110000101
1001011000111100111011010101010110100110011010111111111100100001
1101111010101101000100101001011001101110011111000111000011110100
1111011110101110000110010100111100111110101101100110000001010101
1111111110011110011101100000111100000101000010100000101010001011
0101110100111100000111100100001010001010001010000000110100101001
0101101101011010111010011000011111100011011010011100101101011111
1101010110000111001101100000110001001101011100100011101110001101
1010111101101000100110101010011010110111101111010111100011110100
0000000100000110100000101011010010101111100001100101111111110001
0100101111100011100111101011111010111110110110110110110011110101
1111011011111100110000001100001011010011010010000100001010111111
0011000010011011100110011010011101101100000001111110011011111010
1100011100111111101011001110001110010100101110110001001000110101
1000100111010110010100010100100110011001111001010100110001101111
0011100100111001101000001011001000101110011001000001001110000000
1011101001010001001011010111000111011111010000001000100000100110

