0111100111101010101010101000010111001001110110011111001001111110
1000100010100000001010101111011111110000111010011101101110110110
1111110111000110010000100001100011011111001010110000111001110001
1000001110000010111111010011101100111101001000110010101001010111
1111111101010100100110001100010111111011011001010001010101001000
0011101101101101110010001100100000111111101100011111000000101110
0001111111101101100000001000011011010001101111011000010110100110
0011100100010000011101000001110011000101100010101000110110110111
1010101111101000111110010010111011011011000110110110011110011101
1011000101101111110100111101111011001010001111111000010001110011
1000000100101110100111010100110111101011011011001010010010110101
1000100011010110000111100000010100011101111100110111101001011110
0010111001110001010000110011111110011110001100100100111011001101
0010010011111100000000100100001010111010011000101001001010101001
0100000111000100101011101100110100100010101111010000011110110100
0110010011001101100101001000100111010011010001100010000000011110
0000101010010010001001001001011110010000100000001111110110101101
0000100010010000010100000001100000111010101101110100011000111010
1110111001110110100100000011111101100001000100111011000011101001
1100100010000101001110001100011011101100011011011100110010011010
0011100010010101010011111100010101000111011001000101111110001001
1101011001000010010001001000001011001010010010011010101110111001
0000110101100001110110111111111101100000101011111000101110110001
0010101110101001110000100001101000011011010010100000010101001111
1001001011011111111011111100010110000001110100101000011000011100
1100110111010100010010111001010001110100111000100010100010100001
1011100000111011000100101001010000000111110111111110001010011111
0001111011111001011010000011010011100010100010100101001001101111
1101011111001100100101011001111011010111010101100110001100111110
1001011011110010010011000100110000001010100011001001010101001000
0110101100111101100101101010000010110000011000100111000000100111
0101101010101111100010010010001101011110000000000101100011001100
0010000110110101011101000001010010110010010001111110110101101011
0100000101101100011010100100110011100010000011110100011001101100
0000100001011101001101111011101000101011011000110111111110010100
0000100001001110000101110101001000101111111011101110110111101110
0011111111010101001010100011110110110111111010101011101100101101
1101010110101101111100010101000011011010111101001101110111111000
0001110110011110001111111110101000111001100111100110101000110000
0100100001000110000101010011000001010100001101011111101011110100
1010111110111011110100100100100100111010010001101010010001010111
1010101101000000100001010001110011010011000110001000101011010010
1110011001110001001110000100011101111000101101100111001010100111
0000000010111101110110011000110011101101101000001110010101101011
1100110011100000001001011011111001100110101010100011011001100101
1111110010101110100010101101100001101111010101101001110100101000
0111110001110000110011110010111000101001001011010110110011001000
1010100100100000111100100010001001010111010000100100000111011101
0111110010000000001101100100011001011000101010000100011010011001
0100110010100010100001100101111101000100111110100011100010101000
1010000001110000000101110101010100111110100110110100010000111010
0001001000011110010101011101010011010111000010101010110001101001
1000101110010110100010111110000100010001000100011101000110010001
1110100010111110100110011111011001011001110101101011011111101110
0110100010001000111000011000011011111000010000000110010001111000
0001101111011111110111100110010100010011111100010100111001101101
0010000100101011100110000100010110111100101000010111100100010111
1000000111111010100111111001100110110011011011010100100111110010
1111011000101111000111111000110000111010111110011010000111011101
1111111100110100000101001100011111011111010010010111100101000011
1100011000000101101101100111100011010110011111100000000001011110
1010100110100100011010000010110110100011100101111110110001100111
0101011000101100110000110000001101011101101100110100001110010110
1111100110000001111010110101110010011101010000110010001010111000
1101000011011100111001000011100001001011110101101111001011110100
1001111111100110010000001111011011000000010001100100010001101101
0010011110001011111000001111111001011000110000110100110100000010
0010001011010000010111111100001110001111111111111001111010101100
0011010100101100101011001011111011111000011011000000111100110010
0000011111010010011100100110000010110011011010100011010001011000
1111011001011100011110011100000010010011100010011000100101100001
1110111010101001010110000010011010101111000010111000100111100100
1010010011001000100001010010101001101011110000001011001001100001
0010010000011111011001101100100110011010101100100000010100001100
1101101010111011111000000011000010010110000010110111111110101001
0111010101101011011111110011011111110111111010111110010011011011
1110000011110010000111110000101010010110000010101100100001100100
1000001110111111100010100110110101111101101001010110110101111011
1100110100101101010011001000101001010011000101110111011011111001
0110010111111110011010010011001001001000011011010001100011001000
1100011111100000101110001100111001001001010001011000000110010111
1101110010010000101101010010100101111011011001110001010001010111
1010100010110010100000100001011000110111111110111110111101000110
1100110001010101110111010011010111011011100110111101011010100011
1010001001011000100100111110101111110111110010100010101000010001
0011110000000100111011100000011101100110110111111110111111110110
1000000110111001011001101001010010000111010010001001011100110011
0101111000001110010010001010110111010000000100111110111111100101
0001000110111100010101001100110100100111001011001111011110001011
0100000011010111011001000100101111111001110100011010000000001010
1111101010101011100000101100101110111100100010001011100101100011
1001010000011100000101101100000111111110000111010100000100000001
1001010111110111100011010111111111011001000000011100101110010110
1011000111100011101010110010111100000111111001110110101101100110
0010000011100011101011000001101101011010100000011110001100000000
1011111000101100001011101100110000101101101010010101100101010011
1111001010100001111011100101101110110110000011011111100000001110
0110101000011100001101111110111100111011110011111110100011100001
0011101010011110100111110011100100011100010011001011101110110101
0011100111010110100000001010101001011001001111100011101110010001
1011011000010100010110110010111000010001001000110100101011111000
0001111011111101010011010101001111000000100010010010101100111111
1001011111101010011111111111111000000000011010001000111000111110
1000011001111100100000000011010101010000001011100011010011001010
0010100110110100100110100110010101101010100101001011111111111110
1001111101101111010010101101001111011000111011110100110111010110
0111100011111010011111100100100110101101000101011110001011001000
0000000000100100111101110011011011001001001000010101110110001000
0101010101101001000010000100100101101111110101000000101100001001
1101100010001100001000100001000100111101011011001110001101001001
1000110101000011101011111011101101011011111010010010100100101101
1011010100110000011101000010011011110010111000110110100000011111
1100110000100100010111000101001010011101101110110110001100110100
110111111011010
1010000100010000001000110110011011110111011110111001100110111001
1111101000001111001000111010001100011001001010110101111111000011
1010010000011110001110010000111111101001001010001101011111110011
0101001110101111000100000100111111010000001101101101110001100001
1010000100000111110001011100010000011011100010010111110001011111
1101011101111000011101011000011101001100001101110010110001111110
1110011100001110111100001111000011010011000101111010101000101011
1000111011011111101001010101010001011011000101001111100111011010
1111001110101000111011010011100101110110010101011011000110001110
1110011110100011011000000110010001110011000001110101011010001111
0001011111111101100111000111001100111000010111101110011011001101
1100000010111110111010011110010010100000110000010001001010111110
1011101001100011001101010110111001110010100101011101100100011011
0011001101011000100010101001100110000011011000110111110001100100
0110000111010111101010100110011111001000000000000001011001010001
1111110010100110011100001000011111010001001001001101101001101101
1011001101000001110001010000111111011101000001110000011101100110
1101100011001001010110011110100001111001010011011110100111010011
0000111011010111111100010011110000011110110011111111100100101100
0011011100001011111010100000011111000110100100101000011111111111
0001001011011100111101010001110001111110001010111000010001101011
0111011110010011111011001111010001000100011001000110001111101001
1000001110001100101001000001110110100111100100110011111111011101
0110100000111110001110100011010110100110010010100110111110101101
1000000111101100010010101010000010111000000111001110111111000101
1010001101001000110100010110001111001010010101101000110011010000
0101000011010001000011100000101010100101100111001101011110010001
0011011010001010111111101110100100001111001000010111110011011000
0101010001001110011010110100011011100111111101011100011001110100
0100101100000011100010100011001000010100000010010110110000011010
0000010101001100110101100011011001101101010100001100100010101011
1011111100000000100111100010101001111111110000110011111011100111
1111110111000011101001011111010100000100011011011010111111000111
1001101100001110010111011111000011111010100000000001101001010101
0110100000111010000011010101000110100011001110000110110100010010
1100010110100010100001011101110110101110011110001010110010101110
0000010101001100010001111110011001100011000101110101101011010101
1111010101011101001010111011010100101000011010110100101011110101
1100011001010100110100001000010001000111011100111110001100000010
0101011100111100001111100001010010100011001010100001011001100101
0100111100000111100010100100011110110111000101001011000101001000
0101101111011000011101111100101001011111111111100000000101000101
0011110110010110000011111001011001010100111110110011010011001111
0100101101010001000001101010111110011111000000000001110111111111
1010100011010100100010110010110000001000000000000111101000001101
1010101100101111101010000100001011111100110011110100001101011000
1010000101010111111000010010110100010000011001110000010010110100
1010110000101011001011111000011011001011100000100110001001001001
0110011001000111001000101111111011010001100010001100001011110001
0001100111110101110101110000000110011011100000011011001101001110
1111101001001011100010110110101101010000010111011000010101110110
0001110101111100010111110110101001011100000111011001000111101101
0100001101010101100111111101100011100100011010011101010001100000
0111101011011101110001111001001111010101000011110100000111010110
1000101110011100100111111010110010110101010011110011100100000000
1100010110111101001100011010101010101010100101000010010010101001
1100110001011000000011001101001000000100011111110000011011011110
1100000100010011010001111001110101101100010001010110101001111001
0110001000101100000000101011000010000100011010000011011101001001
1000011110011101000010010000101001011000011100001110100001101100
0111001110110000010110110110001000000001101001101100110011000111
1111110000010100011111011010110001011100111001011011010011000101
0110000011110011010011110110111101000111000101000011100010111010
0011011100111011101101010111110111010011100010000000011000011101
1110011110000101011000001001110110010110010010011100111001011001
0011010101110110110101110111001100100011000010011000111111111011
1111001000110011000111110010011111110100111011101001111111101011
1000110000100010101110100011010101011100101001010100110010101111
0000111101101011001010000001000110001111110001011000011001110010
1011101100011000110011001011110111010010100100110000011111010011
0011110101111100101111110000110011010111111101010000110011111010
1111001110100100111111011000001111101011001010100001000111001010
1111011011011011100110111010110100111100111101011010101001100011
0100011000100001111000000110111000001001001100001100000011011011
0101101111111001110110111010000111000011010100001010111111010001
1100011010111111011010001000100011001100100010001010111111110110
0100001011011111001110110010100110000111100101011010011100110000
0010111101111011011000101111111000101100001100100010100000011111
0010110110110110010001010110110110011110111101010101100111010001
1101001100010001000110111001011010100110111010111011000111010101
1011010010011000010111000100000001100001101011010010011111011011
0100011010001010010111101100101101111111110100011110010000111011
1100100110100101000011110011111100011100001110010001001010010101
1111110100100111111100010011101110011001100011101010101011001100
1111111010111110011100001011010010111010111101110111011101101011
1100110000000100011001100000011000101001001001101000011000111000
0010001110001110110111100011011011011110100111001110101111011101
1011011010110100110011011000110101101010000000000010111011111111
1010001100100001110101000101101010110100111001100110101001000011
0111001010000000001111001110000100011010011111111100101111110110
0100000000101000101100101010011000010000011111111000011011110101
0011110000100001110101000110011100010100010100001000001110101011
1100001101000011111101101100100111110100001110111100010001110110
0000101010011110100111101000101001010000100110110010001111101101
1010100101111011101011010011111000101111010011010110001010111100
1111101000111110110110101101010010110100000010011000011110010011
0101110001110000111010110100101100111100100010101100001100111111
1000110010101100001011001101011010011110001101010010001100001010
0111101001001110011001000111110100010000010010000111100010110101
0110000000000000001001111011011010010111000011000111101100111110
1001011000011100111100011000101011001001110111011010010101000011
0101010001101001000001100100001100100111110011000100100100001001
0001000011110101000111111001000000111110000111101100100101111000
0111100001110011010011000100010100010011100000101111100110010000
0000100100100111001110101101000000011000011000101111010010110110
0000100001101011101000101011100011010010010010101101011111110110
1111001011100011101111110110111110110010101110110110001111111010
0100101100011001100110010000001101000101111101100111010010100011
0110101011010000000111110111011010000100110001011100001000000011
1011010111101101000011100010010001101100010100000010100001111011
0101001101101110000111001111110000111011110010011110110100110111
0111101101001010010001011001100001010011000000110101100001100110
0000100101000010111101011110010010101100001110011110111010011000
1100101011011010011100110011000111101011001011011100100001100001
0111001100010101001110001010000000100010010101110001001000001100
1100111011110100011011001100100000011010001100100101011100111010
1110110001101110010110111110111010101010011000100111110010110100
1000000011110010011000100111100110101100000000000001011010000000
1001101101000000011100010100010100110000100011110001011010000110
1000000110100101111001010100111010000001010101100000100111010101
1110011100001100011000010011011110011100000111101100111001111010
1111100000111111111011101010101100011100011000011001000001110100
1011101100010110111000100100101111110001011111001000100100001011
1101000111100100100111001010011110001101001001000000011010011011
0100000001011110101000111011001100000101001111100010010011101101
1101101001110000100011011001000101111011110001001001000100000101
1001000000000101111011011110011001110100101101010111111100110100
0110000100110010101011010000001100001111011101010111001000010000
0010100110001111101000110110111001101010110111110000000101110111
0000011101111000011110010101100000100101010100111010110011110110
0100110101010011010100101101010101010001101011101000011000111000
1011001111100010010001010010101100010011010001110011100011101010
0011111100010000111010000110010010010111100110000110011011111111
1100001011111010100100101100101111011100010001111110001010110011
1110101100101010111010011011100111001000100010100101111010001100
0100010001010100011100101010011111110011001010000000011001101110
0010010011110010101011010101010011110010011001100111010100100101
0000110011110011011010110101101110001111001000010111010010010100
1001010000011101010010111000100010001110011100010111110010110011
1011010001100101001111100000011111101011001001001011110001100101
0111001010100001001100001110100111011101111100011011011001111111
1000111010101010000011101001011111000111111001100010000000101101
1111010101111110110000110001001111111010100101100001110000111010
0000000001010101101000110001111110101100101110010011101100010010
0111001111111000110110001011010001011010000000010000100100000100
1000000110010100001100001101011100100111110011111000001000001010
1010010010100010110001010010100000011010100100011110110111011100
1001001011110100000100100100110010001101010100000000101000011111
1000011011111110001001001001001000101010100100000100101010101011
1101000011011100001100111111100010010011000000010111010110010010
1101100000001011100111110111010000101100110000111010000011110010
0110010000111010011010111010101000001101111100101101110110000010
1010101000010000110011000011010010110001100110101000000101000000
0001111101010010011000110100110110001100110101001010101001111000
0111001110011110000001000101110010111011010100010001110011100010
0011101110111001011000110111011110010000110001000010000111000101
0110110101011000001001001011100101110110101100000100110010101111
1011110110111001001110101000110100000101011110101100010110100000
0110011101100110110001110100100101100111100101101111110111101010
0101001011100001100000100110110111001111101100100011010000100110
1011011110010011001101000011000001000000111011111010100011001101
1000111110110011000111001111000011100100011100110010000011000111
1010011010000101000001100100101110100110011111101100001100011000
0110010101110010010011001101000000101000001111010100000001000110
0111111010100001100011101100110010010100001101011011010110010001
1010001001011000101011111101110000001101110001100110101000001000
0100000100011010000000111011011000000101011110110011111110101000
1000110100101100101010011101001101000001101001101100100101100011
1100001011001110000101011110011100000001111110011000100110100010
0000010010101101010001100100001100111010101000011011101100010001
1111101100000001101110000100111110001111010110110101000111000110
0011001110000010010000001110110010000100001010010100001111100010
0010101011001000101001000001010000111010110011110000010101110110
1011101011111111010110000010011100111100000101111001000001100101
0001101001111111100000111111111010001101101101101101111110001101
0110000101110110010100001100110111001110111100100011101001111011
0010011110110110010100000111100101110011110111110001000101100000
0110101010100011111000101000110111101011110001010000111100010110
1000000001010001011001101011011101111101011011001000001001100000
0010011011001000011110000000010101100011100100010011011110011101
0110100100110001011010100001101010011010001110000110111010100011
0101101100100101011001111010101110000110100011011100011101110011
0010100101011101010011110111001000010011111100010101000110111111
1010110010111010100101010000110001101010111110101110011000001000
1000010000100001100100110111011111001001001100111011111001110010
1001001000101000100000001001100111111010010001110100110001000000
1001000010111001110111101100110010111101111011001111100011011110
0100010101010111111110011000010101010011011111101001111100110010
0101110111000001010101000101000100010010001000010111001110001001
0111100111110110111111110110100100111110110011010010101010010000
0011011011111101101101110101110100111011010101100110100111100001
1011100100000101110010011011100111100100011101100111101011011010
1000010000111010110110100100110110100100010100101001100101100101
1010000001111000000111011010011110000100001111000010001110001011
1100010010010010100100100100000111011010011011010011110000101000
0100010011110111100001010010011000001001010110010111110011010101
0001010000110011110000100010110101111010100111100001100111000010
1001011100101111000100110101011111000011001010100001010000110011
0011111111110111110000011100101001011010110010100010000001010001
0110001100000101001100111011100110010011010111101101111100011000
0000111001101010001011011101110100100100100100110100111111001011
1110000100100000000110000100110100000000110110111011011010010000
1000100111111101000100110010000000000100000010101011111110001110
1000110110010001110010101000010100100010100101010111010010101010
0101011001001010011111110010111010001100101101111111110100000111
0000010110101011110010110111010111000101111001100011011100001110
1010111010010001011111010000001001001111100101010011010011100000
1110010100111000001101011010100001110000111100011100011111000111
1101001110100101011101101101110001101000111110011101000101001001
1010000110001101010100110010110001111010111100111101111011000000
1000100111010010001101001001000101100100111100100101110100101101
1001100011011001100110111110000011001001010001110001100110001011
0111100010100010001100000100100110000111111011101000001100001000
0111011111100110110000110111011101010011111001011101000101001110
1010111101110011000110000110011001000010110101111111000010000010
1000101101110100000000000001100001110100100111100100011011100111
0010010000011111010101100110010111001101101001010101001001001100
1100110011000000000011001110010001100011111001000000111001100011
0111100110010011000110111000110000101001010001001110101111001101
1100010011101000100000111100001100000011001100110011000000100111
1110010100101111111100000100010110100100001000010100010110001000
0101100001101101000001110011110110100001010011000110001001110100
1101101100111100101100010101010000100000001011101101001100000001
1000000110000111100101101110000011010010101001110010001001111100
1110000100101011100010010101000011010100011101010001001100101100
0000001011010001010010101011001111011100011101100111100000101001
0100100101011100010010110000001010011011010111100010001010001101
0000101001101001110010010000110010011101000101010101001110101010
1101010011001000110100011101111010110010110010110111000100100110
0001001101110111001100010111100100111011101010100000001111111110
1001001110010101111101111101101101101100110111110010110111001111
1001011000010010111000011011101000110100011001011001001100110100
0011111100101100000011000101100000001100111001100100111000000010
0111011110011010001000101000011001000111110000010000000100110111
1111001001000110001001101010001101111000100110011110111001011011
1011100011001110000101010111010110110110110001010001000111001011
0010010011010000000101101101111011011011001111111011110100111000
1010011010010111011010001101000001011001011111010110001000100100
0010100111011110001010010101010101000110001011100000101001111011
0110111111111010100010000010000011111100011011111101001001100100
0000101100111010000010000110001010100011101001011000111111101000
1101101011000100001100101001010110000110010000110000000110001111
0111111001101000111000110001000110000111011111100001000010001000
0010000100101010001100110010100001101010111001111010000010100101
1010010001001110011001100100011001101100001101111100000101011100
0111001110000101010110100000100000110000100000000100110111111011
1000000110101001101101001101110010000101101110010001111000000100
1010011011000010000111000001100101000101111010011111011000110011
0000110010000010110001110111101100010100000000100010011011010001
0011110101110001011111111000101011100001011101011110101100001101
0100100110010001101100000110000001110100110011100110001101001000
1101111110100100011000010100011111101110011011110011110110101000
1001010101011000111110110110101001100000100000000110000010010000
1110010010101001101101010101111001010111000100010100011110111101
1101010011000010111001110101101111110111111001010100010000100010
0110010000101110110001111000110011011101110000000100111110000000
0111011100101010000000010001001000100111111111111011110110101000
0110001110001010001100101001010000111010111111100000010011101011
1111111011011010101000000000111001011000100111010000001111110000
1101111011010001110001011111100100000011111111100100100011000110
0101110101001100010011010010110110001110000111000011011101001100
0101100110100010110000111010111110001111000100001001101000101110
1001001001000101100010001111011000000011001110011100111110101100
1101101000000000001111011011100101010101011001110001101000000010
1001011001001000000000011101000011101111010100011100010010001000
0101001101010011111000100101001101000100100000001010111010000111
0110101000001111100110100111110101010001001100010011011100010000
1000010100000000000010000111100011001111000000010010001001001100
0011100011011101111011011110011110101101010110010010110001110101
1000110100011001100101110000111101111110110110000110000101110111
0101101101010011000100001001010100011100010000100101100111101100
0011101011010000110000000100010010100011101000000101010110101011
1000100111011011111000011100111001110001000000101000000110010010
1101100110010111000101110011111011010000100100111010110010100010
1000001100110011111101010011010001111000110010110111001011110100
1001010100111011010001001010101111000101000110110110101000110000

