010111011001011110101111000000101011101011111011
1111110001001011101010010111111101011101100010011010100111111011
0011111001011111110101001110011010000011110101000000000101000011
1111011111101001011101110011110110111101010000110001001111110100
0110011010011011100000011011010111101111101100111101101100100000
0001011111110011011111011001110101001100011100100001111100011110
1001101110000000111011010101111111111010001000001100111110100101
1011110100011000111101100100111011100111111100001010111111100011
0001000101110100010010110010110010000010010011001001110110100011
1011010101100100011110110010101000110000101101011000011001010000
0000011011101100101000100010001011111010100011000010100000001001
1110100011010010001100111111001111011110111101001110100000000000
100101011110010000011110011101101101001
1011100000101110101101111110001010011000011011100001100100000011
0001000101111101010011010110010011111100
1001101100101001100011010111000000001101110011100010010000111010
1010011001100010110110100001110111101000
0110001111111100111100110100000001100011001001000011100001000111
0101111010110011111001101110110101110001
0101110101111111111111110011101100110101011001101001100000110111
0001000011000110010110110001101001001000
1111100111000101100000111000110110110100011100001011101100101111
1111101000110011101000011110000101111110
1001110100101100001001011100101011111001011000111100111011000011
1101100001011101010001100110000010101111
1010000111000011000101011001111100000001010110111010010011011000
1101111001011110010100101101000100111011
0100100101111010101011111100011011010111010010111110110000010111
1010100111000111111110010001100100000101
0000100011100001010101000001010001110100011001000001110101001010
0110011110010010001011010011010101101111
0111010101100001111101011001111001001011101010100110111100011010
0000000111110010000010110001100111111111
1011010001100110110110011101100001000000001101100101010110000001
0010101110010010010110011010000000111011
0010110001001011010101010010010111111000110000101100100111010110
0000000010011100101010010100101011011111
0001001110100010111011010001101110011010011000101010001001011011
1110000001101111110101000011101110000110
1101000111100000110100000110111011111101001010110000101110110001
0101010101011100100100100110111101110100
0010101011111100110011011010110010000101101111000000110110100011
0101110010011001111001100000011100110001
0101100110101111011010010100111010000000001000001010100010011000
0110000100101111111110000111001010110110
1001000110101101101111011010010111001011100000100011000000101000
0000110001011110110101111001010010111010
1101101100000000011011011000100100110000000001000000010000101110
1110011100111010100000010100100101000110
0101101111010000011101101001111110110100100001101100001100101001
0010011001101111000100011101011111110101
1100110111110110010010011000111000100010010101010000001101010100
0001000011011110000100011110110111110111
1011110010100101100111011000101110101010011110001100101000011100
1010000100000000000111011110110011001001
0011111000001011001001001000101010000010001001000110000000011010
1001101000001100000101010001010000010110
0101001110111010101110100000010011001111010101000011111010110010
1000001011110110111000110010010001100000
1001001011110111110101001111110010001001001100010100100000001110
0101010000001100101111001001011010001100
1001010100101111111001001000110000100011011101011010111101111111
0111001011110111101100000011111001110010
1111010100000001000101001010111010100110110111100111100110110000
0010011101101101111111010111001001000101
0000011100110011100111000110110001100001000101111010010110001011
0010110110000000000100111111001100001110
1111011101100001101001101001101110010110001001110010011001011011
0101000010011100110100011010010011001010
1111111000111101100111101010101100011111000111001000101100011100
0111010010001110110001001000100000111010
0010100010010100101000111101010101001000001111100010111010000010
0010101110100111100101111110111010100110
1100111010100011000010111110111110111011110101100001111000101000
0001100001111000110010000111101011111001
0110101010111110101100001101001100111101001011001010011110010101
1011101110000101111101010011111011100011
0111101100111001101001011010010001111010000011001011101101111011
1110011101100000001100101110000011100111
1111000100110110011011011100001110001001101011110001101000111010
0000111100010011101100110100100000001100
0101111110101010110100100101100101010100001110011110101010010011
0111000101001110011100000001001001111111
1011010000110001111101110100110001111001000101001000100001101111
0011100000100011011001010010100010001010
0100110010010001010001010001110101100011010100110001111011110110
1100000111110101101000001110000001001110
1001110100111100001001010110100011111011101000001001011010011110
0011110110101101000000011110111010011001
0011110001011011010101110111001011010100100010110010110111101110
1011101110000000010111010001000100010110
1001111000100011100001100011101001000101111011010100100000010111
1111010000111011011011100111110110111001
0011100100000001100000110000011010010010000111110100110101011011
1110110010110111010100000011011011110101
0010011001011101011000000011110111000010101110000110000011101001
0100011111001010111010010010111101101010

