11000101100111111000010000000111
1001111111110010000100001001000000111100000000110110111011010111
1101100000100010100000100000011000100001000010010001100101011110
1011010111111010111001010100110001010110110001100100001101011110
1001111111010100100100110000111101001100110101000001000110000001
0011000010101100011110001111000010110110001011010111000101110100
0001100001111001010010000110011000000111011100001110100011010000
1001111101011100111001011110100001000000110011001100110111001010
1001011010010011001100101100110101101111010101010011011100111100
1101010111001110100010000110110010101110001001001101110100111000
1111101111011111100010100110100100011011100101100000110101010000
0001001110101001011101001101100101111001101010100011111000000101
1010100111110110011000000100100100011101000010100111000000101010
0001100100111010100111110010011110111000010111110100000100011110
0110001011011101110001001101000000010111100110111101101111101110
0011110000000000101111010100110111101011110100101000000000000010
1010010101001100000010100000111000110001010011101101111110110011
1011101000000010111001111011110101110111010010001100100001011110
1001110110101111101101100100110011110001100100001110100101100100
1100001111010011011100110001101111000010000011010110111011011101
0001001011000111111110001000111011101101011011000110100010000100
0101010111011101001110011101010001111001000100101101101110100100
1001000100100000011001101101111100011101101100100011010100110010
0000000110110011100110110010111111110000110000000111001101010101
0010101000000100010010000111010000110101001111010000001001100011
0101001100110000101100011001000010011111110011100101111011111111
1010001111001101010010100010101010111011010101110011001001111111
1011100000100010110011101010100001001000100110000000011001100010
0010100001010010000000110011101110000111100101000001101111000101
0110100101110000010110111000101100011010111010101111101000000111
0001110101100100101010010111101100010101110110101001011011101111
1010011010110101101011010101000011100101110100101011010101001100
1001000111101011000010011000001101000011111110011010001111011011
0100101000110110001001000101100110010000000011100011100000111001
1000101111000111101011101101011111101101001011000110000000111100
1001000010010010111111000010000010000011110101110000111001110000
0001010011111011101110011010010011010010110111000000010101110001
0100001101010100011010001001001001000111111001101001000111111000
1001010010011100010010010010001001010011011111100011000010010001
1110111000101000100111100110000110101101011111001011100000001100
0001011110110001000101111111101110010101101100011011110101010110
1100100101101000011001111010100111011010011011000100101101011010
1001111001101111000110111001011010100011100111101011010111001011
1010100111111110100011111110100000010010011100111000111101101100
1100111111010001010011110011011100000111101010000110100100100010
0111110010111101110100101011010101010001000101111001111100101001
0000111111000101000110100000100111101011000011001011101010110011
1000100000110000111001010101101100000001010110010001001101001010
0111000111011110100110000010101100101001110111101111111101100001
0101000110001100100100010100101110011011101001011000101000001110
0010110000011000010101010011110111010100000011101001011011110010
0101011000111110011001111110011000010110011100011000000001101010
0101010010101110001101100101110010110010100000001100101000100000
0101101000011100001000011011101110110111100110000110110100011111
0010001000000100111110100100110100110001110010010000110110001111
1100000011011001011001010011010000011111010100110110101011110011
1000001111000000101111111001111010000111001000011110101100001110
0100000111010110010010010111101111111110110011010110011101010010
1101101000001101010111101010001111101101001001000111001111001110
0111100001110011011001011100001101100010101000111001011001010101
0110110111000011111101111101100111110000111110110001000000110101
1010011110101100110111110000001110001011000101110010101011100000
0111101011110100010010001100110111001011110101001001111000101111
0111100010100101110100100110111011011011100000001110110110011011
0001101100111100101000110001100101000100100011111101011100111100
1101000100100001111100010111101001101100000011010110001011000001
0110111011101010011001011100011101010111101000100100011111101011
0010101100100110011010001100100100101010101100111111000110001111
1000000000001101110000111101111111010001100000010110100111111110
1111101100011010001101000011110110010001100000110101000000000110
0101110011001110111110101000
0100000001100101000001110010101000111110001001101010101110000001
1001010100101011100111010011010100000011001000111000101011011111
0101000001101111111001101001100010110100001010010011011110100001
011110010101110001001101010101101100000110111011
1100000000011010110000000111101010111101010011100010110100101110
0101110100000011000010100001100011000011010110110111100110000100
1110000111110100111101100100001001111001010101111001011101100100
011100001001001101011101010100011011001110011011
0000010001100000110111100000100001001010111000001000010100110101
1001100001111001011011100111010100101010111110101111111101001111
0000010110001111110001110010000001101000010101110000011000111010
100000100000110000100010111011111110001100100110
1111010110100101011100110110001110011111110101101110100011001100
1000101000110100001110111010100010011000101011100001111000011011
0110001000001100010000010110011001100000011011011010000101011000
111110001110111011111001100101100100111010011100
0011010111001110110000100000000100100011101011101011110110010011
0101000011111110101101110100100101000111010001010011101111111011
1100101100011000000001001010101001011001101011100011100011100000
110010010100100001000011111110111001101010000101
1111110100000000100101100011111001101110010111101110101110011110
0100000000100110101101100000101000100000110101110011101011100111
0010010100111010110011010100011101101000010011101110100110101011
110110001110000001000101010111011110110001011000
1100011110000001110110011111100110001100111001000101011111011100
1000111110010110010010001001110000110101110100110110000100111000
0010000111001011001000010010000011111110000111000101111100001000
101011010100110110101111001000110111110110111011
1010010010100011001001001000101111111100100111100100011010010111
1011111011110000000100100100011000011010101110000001110011110000
0100000000011011000110010111011101110110110101110100000011111110
110101111110000001100111110101100000011101001100
1010100001110110111011011111101000111011001001001000010110010111
0001001100001010010010110010111101001001001000101001010101111111
1000010111110100100111011001010001110001100011101110011100111000
111000110110010110011011111001111110010100110010
1111000000010110001111001010100111111110111000100101111111011101
0111100001111000001110100011110111011100010010100111010000001001
0111111111101110000001000000110000001101110110110111011100011110
010011010101010011000010001011110100101000011111
1011101110101010111101001011001001111101110000011110001010001000
0110101111011100011011011010100111010101110010110101100010110101
1100101001010101100100101010100001100000001001011000000001110100
001100000111011011000100010110111100110100100001
0110111111101010111110000011010000100101111011101001111000101111
0001011100011111000010001000001001010110101011000111111001010010
1000111011100111010111001110001001101100010000010010101000100000
110010100111110000100110110110100110110110110010
1011110101001000011001001111010001100001011101011101001111001010
1111011101010000011001001000011000011001101100010001100011001011
1000000001000110000100100000111001110100010101011010111011101111
000011000000110001010101101010110011111010101000
1010000111010101011101001110101101011001000100011100101110110100
1001001001010011011100001000011101111010101101010010010010001010
1111101111011111100011011010100111100000010011000101101011011111
000110010011010001010101001001101011100100110010
1010010110000000101111000000001010000001001000011011011000101101
1011111110110110110000011100011111010110011110111101000010100101
1001001011111011010110111111110010001011110011100011110010010010
111000110101011000111110000001000110110001111110
1010001011011011101101010101101100010011100110001111110101001010
0011111100111011010110000000001101111000011010010101111010010011
0111110101000001111110111011011110001001110100101100111011100010
001010101111110101100101011010100001010000111111
1101110010010001011011111001111110010001001100000101111000001101
1000010110101101000001010000100111111001110000100111101010101110
0001001100111111010011110000110100000110100100100001111000000101
010100100011011110111001101010101010111011101100
1001110010001010101100001010010010101010110011110110000011110110
0101011010110110111001001101101011100011110011010110111010100010
1111000110101101100000111011010100110100010100000011101000001101
110011010011100110000011000101100011010010010101
1011111011110110000000000101101111100011001111011110001000000001
0100100101000101101110010100111001001001001111000110101000011101
0101010011101010010100000110111110110000111111000100101011010110
001011010100010011001011111000011101001111101101
0101110101000001111100011010001101001100100011000110100001011101
1001010011000110001010111000010011000101111100010111000110111100
0010110110010111100100001001101010111100100110100110110010011110
011010101110001001001110101010001110100010011111
1000100000001001101101100011001010000100010011000010001100000100
0001111100111000000000111110110110011010011110111111101100001001
0010100111010101110110001011000010000010000010111011110110110110
101101111000110100100001111111010110011110011011
0011111100011001011011111011001110001000011111011001011000000111
1010101001011101011100111001011010011100000110101111111001101100
0111111111011100111110000000110001101111000111100010111011110100
100101110000101100010110110111110010111011101001
1101000111011011101111111011110100010100111011100010001011011110
1101010001100101000010011000110110110000110001100110010110011011
0011111110000011010001100101010111101000110110011111001001001111
110101110111010110101010110111111100100100101111
1101101000111101100010001011100001010001000000010110111001100000
0000001001101001111111111001110011010110011001110101100010010110
1100100110100100101101111111011111011110110010100010001111001011
110010001000000000000001001110000010110100000111
1000001000101101111000101000101010100010100101110011011100010011
0000011000010100001101100010000011011110000101101000010011100010
1011110000010110101101110110001001001010001100001000010000011111
110001001000100011100001011111010001001010111011
1110010000010010111111101111101111010110110011101001001101011111
0011011111001101100001010101011001010001000100001011000011110111
1100111110111111110110011100110100001110001000101010100100011011
000111110011101100111010001110101110010100001110
1001110110101011111101100000111011110110101111001010101110110110
0001010110000111100010111110010110111011100010010101010000011001
0101001111101001010101000000010110000111101100111100101111110001
001110101000000111001110111011010001000101010011
1001001010111101000011101100101111111001001010010000100010110000
1101010011011001000011010011101101111001001001110111010110110110
0100000010000110100001011111101101001111110111011011011010011100
111100011011110001011000101111111101101110100101
0000001110000010010100010000000001110101100101010000101010101010
1010000001110011111010101011101011100001001000010110001011011101
0100000101001110010110010111011100010011010000000100000111000110
110010000001010101001110000001001100110111000010
1111100001111101101111101110101011100010001111111010111101001011
1100000111000001110010010111100001111111000011000010010000111000
0011111110101100101011101111101111111000000011111110011111110011
111011110101000000101000010000111000000100000001
0101011011101110110010101000101010001011111001101111001111000111
1011101100010010011010011001100000111111100001101100000110110010
1101000101000101001111011111110000001100101101011000000001101111
101001010010110100110001101000100001101100010101
1001100010100010101000011100001010100000011000111010000010100001
0001111001100000101111000000011111110101111110100100101000100011
0110100011000011001011111011111010001110001110111011111010000101
011110011000010100010100001010000010000000111111
0011101011001100001010010000111000110010110001001100110010101111
1010101111110101000111111000011100010000010010000011111110101010
1110001101100011101100000000010101010110110011010110010001100001
000011101000011110000001011101111001100000110011
1110100100001111011010001101100100110010001100101001001111100000
0010010011101111100011001110010101001001000001000010000011000011
0101100001001100011011101010100011100110100000101011010111111001
000100110111001101010110100001111110111010011100
0001100101001010010011000000010010000001110010011100100011101001
0001111010011001100010110011001000111111010111010100011010100110
1011100000101011101110000001101101001001001110110010011111111010
101101101110101010001000000010010010001110110010
1011100110111110000101001100100010000100011011000000110001110001
0000010101111111110111101111110000100010010110001101110000011111
1010111001111101101001000001111100000101111001101111111011000100
101100011001101111111101000111011110000011100010
0010010001000010110001100101011011101010101100001110101101001011
0110111101010011101010100011110010111101010111001110101100001101
1100010000000110101010100010011111000001111110001101010111010100
010100001111100000110010111111101001110100100101
1111000111011111111100001100000011001010111010101000100000001100
0110000011101001101000100000100000110010111000000101100000100011
0101100000111100111000011001101010010111011100111101010001100001
000001000101011010010101111111110001011111110001
1000110110010000100001110101000011010011110101011011111111010111
0111110000110110000110110111000111010111110100111111001000010001
1010100110111011011101111001011110100100010010101000010100100000
101101110011011110001001110111001011100110100010
0011000100100110110101001000010011010111010011100111111010001011
0000100011110010100110000111010111011111111110111101000010110001
0101010000011111011110010100111011101010101011011110111100001101
001101111101100110110001011101100001000101111000
1100011101000111110000110001110011110000100111000011101100110100
0101011111010000111011010110100001101110100001111001000000010010
1011101011000101000001111011101010110110000011001011001100000010
011111110101011110101101001001000100010000001100
1000011111011100111101010101001100101000000100111011001001000001
0111101000011101101001110101101111001011101011110101010011100001
0010011111010100101110101001101111100001100011101100001110110100
001101011111011011100100000011100101101010000010
0110101100111011111101011111010110111000100110001101101010100000
0010110010101110001111110110001001000011100110011000101111001110
1011000100101011000000101111000011110101101000011101110000001010
011000011110101100100010110010111110110111110101
0101001100011001010011110111011110101111010000010010110010100011
0101010010011101110110111000111011111001101011101111100010110001
0011100010100110010100111111011000110111111101001100000011101000
110001100111100000001111011010110101110101000000
1000101010001011011101010100010111011000111100010100001001100000
1001111000101101101010100111011000000010010011000001111011001001
0000110001000101000000100100111111001000111111000010010101011001
011011000110000101011000000010010110010010010011
0000010011110010000110111010010111100111111010111010111111100010
0011101011001101111010011100000100001100100011011011000110000001
1011000011110010001010100110111000011001100010110000111010010011
111010010100001101100011011000101110110011000100
11000010010100100001110111010010
1000100010100110111100010001001110101010001111100000010101001011
0111110010011110010101001110110101100011111011000010100100001011
1111101011000111111100101111001111010110011111110111001000110000
0000010110110110101110001011000000010101000100111001111100100001
1100101011101111001000010111001100000000010101100010010101100010
0000111100110110010010111100101100000010100111000001001110111101
0110010010110010111110000010010000001000101000111001101100111100
0010111110110100000110011111010000011110010011100100011111001001
0101101111010001000011000011101000100100000001000011011110110110
0100001100101101001000101010111010001110000001001111111010001110
0110101100100111010010011011011111011101101100100001011110001000
0011111101111001011000011100111110001101100011011111001011111001
0011100101000000110111010111000111010011011001000101011110110001
1000101110100001001111011001100110101000100111000110001001111011
0011110111011110111001100100000000001100101010100000110111010111
1100110100010011010001110001011011110001100010111110100101111101
0010110100110011010010000010110001010010110001010010001000011000
0001011001000001100000101010010001001100110110001000000101001011
1000010110100100100011000010100111010011001100110101101100101101
0001010110110110101100111111001101001010011010010001001101111001
1101110101110101001000011000011101000100110100110011010100010111
1010010110011000111011001101010010000111111011101100111010001110
1001110000100111110010011111010010110101110001111000101110100100
1010010110000110000101010110100100111110110100001100111110100101
1000011111001100011110010011101111000100110001111111101111010000
1001011011101110101111101010000001011001100011100100000011010110
1010111001000010011111101110011011110100010101000100100000101001
1101111000011001100111001110011111010010111010000110001000110100
0000110000010110101111111110100110001111000110101101111110010101
0010000101100000110110111011000000011100010101101010111000110010
0000011100010110111001001111111000011001100110000000111001111011
0011000011000101011101001111111001001110111110010011111001111100
1001001010001001101001100101111010001100000111011110111111001110
1100010011011010111111010111010001000011001111001101000111101011
0001000011111010000000111111011101011011011110110110010111100001
0000110110111010000101010111010111011000000111011001101110111011
1010100010010101010110001110010110100111100111111110000110100011
1001100001110101111101000011110100101100111000111111011111111010
1010100011000101000010110101100100100010111101001000100011011010
1110111110011100101000011101100101000111001101001010011110110000
0010101000001001100101010000110100010101101100111010001111010000
1000110100111000101101101000011110101000001111100110101000000001
0101011111000101110011001011100001111011111111011100110101011110
0110100110000001100000001111101111011110010111001101101000001101
1000110110000111100011010011001101100001001100010111010010010101
0111010011001011011011001010110100010110001001111011001101101101
1110010101100110110111111110000110101000000101111111111111001110
0100100100111111100101001110011110011010101101111110100000100100
0100100110101000000001111001110111110111000010111010011100011101
0011111000001011000111001000111001111001111001000010101101010011
0010010000101110011011100111101011100011001110110111110101101001
1011100001010100010100100010001000010011001001101111111100011011
0011110010110110111100111100010111101011010111000111011010100000
1011100000011011111011010001000001100111000110011111100111000000
0110011110011011101010101101000100101110111000011000111111101001
1000110101100101110101101011100100110001110111111000110111111101
0001111101111100000101011111001001011110111111111110111101000010
1110100011010101110011000110000110001100010110000000010101010000
0110110111001111101011111100011000001000010010101011011000010100
0000011000101111110111110111010001010110000101101000101110101100
0101000011010001100011100000001101101101001011001111001111111000
1101000010001100000100001001110000010000000100110011100111100001
0011100101111101010011101000110100100111110011111010011101110010
0110010111101011101001100101110011011101110011000001110110000001
1100110011111001100101011100010110010111000001000000000010001110
1011010101100111000011110101000100110111010111001101111001110111
1010001110000001011110100101010110110001111110000100010010111110
0001100100000000100001011001110111110111000011111011011000011011
1100000010010111100111010110011101011011111010111000100000001100
1010101011100110100010100110
0001010111001010001100110011000110100010101001001101011001001110
1100011010111000001000011000100101110110011101001110001111101010
1010010010101110010110001100011110110000011100010111101000010001
110111010110010000100101001010000010101101110111
1100110110000011100010100110110000000010101000100010001000111000
1100001100110011000111000001100011101000010000011001110110000110
1010101011001101010111111111011011110110011011000100010000100000
111011001101010011011010110010001101111100011011
1110001000000001001110110110000110101101001000000100101011110010
1110110001110110011000100011010001110111010110111111111000000001
1101100000111011101110100010001100111000010101000001000100000000
110011000111000000011100101010101001101100000100
1110000111011110011100110000000000111011001011000000001000101111
0001010101111000101000001111000101011011011111010001111011111111
0000010010111111100110110111111011011001110000000101010000001100
000000111100110101101110000011101010011110001101
1001101011001000101011000011110100111011011110001011001100010011
0011010010100000000110001011011101001010000000011100011000100100
0100000101011001011110110110000111101011001011010101110011011011
110110100000101010111100010100000010111110101111
0001011110111001101111101100111010101010010011111011011010111111
1101010000000010011101100011101001011001011010110000101001111100
1010100100010001001101101100001110000110000100101101010000000001
100101011001111110111010111101100010001011000111
0010100100111010101101101110000100000101010110101010110111011111
1101001000101101000000100001100001101011001100100101111111100010
0100111011100010011000100010010110011101110001011110010010001100
100100000110011100000111000111111100001000011100
0010101101001101100100010000010000101010001000000010111110010010
0111000011101101111110101100001011101100000111101110000111101011
1101000110010111111000010001110001111110100111010001101111000001
011111001001100011100110110011011110000001110101
1001110110000001100100000001100011111101110101100100111010110010
1011001101011110011001011010101010101100100011011110111101001011
1001101111010001001011001011010101101011001111010100101111111100
001001110010000110110101011110001100111001000101
1001011101011100001101110111110101010111100000100101110111011000
1100001001011000010110011001111100101011001101010101111000101000
1001000101101100110100111100110010001001010100001101001100110111
101101000010101101101011010010110011001011011110
0110000110110111111110111011111101110000001011110011000110110110
1001101101010001001100101101001010011101100010000110111011110110
0110000111101101110100111010001010010011101010000110101111010100
100100010000001110100001000000010010101101101100
1001110011111011100011101111110001011000010101010010111100001000
1011001100101111101010100110101000011100010011010010000100101100
0011110010111111011010111001110011100110010110001111101001001001
010100011010000101010110100011110101110101110110
1010100100010010011011000111010110001000110110101111001101001000
1001001111000111001001000111110000010111010101010001100100110100
1110101010100111111000001100111011111110110011100101110101010111
010101011100010100011000000011000010110110000111
0000110110001110111101111100010101001101011000100110010110100011
1011001100001101010001001000001011100110001011000010110111011101
1101111110101010001011010010110010010000010000100010011101011110
010011100110101100100010100111010100010011111001
0110010110101101110111001000000011110101110000101110010101000011
0011001101111011010011110111010110000110100101111010110101000011
1110001001001000010001001000111111001111010010111000000101111011
010001010010000010010101110010101001101110111111
1010110100101101111011001000000101101010011000101001000011010100
1011110010101011000101001001110000000001111011101110110001001100
1001111010011110111011111110000100100100010011000111011110111110
010010011001001101000100111001100110100101011101
1100001101010010001101001010010111101001111101111001010110011001
1101001100101010110111110001111011110100111110011100011000001000
0001001001111001001111110001011010100111110001000111100011111101
010000110001011100001011011000100001000101001110
1111001011001101101110010110010111011111010101100101011011111001
0001101100100001001000000010011110110101110010010100011101000100
0101010001010000001001001001110000000001001100010011010100001001
100001010101010101101111001001010110000011101100
1111011001111000001100001011101010010010110011101101000110010100
1101000100100111000001111001101001000010100101100011111011001000
1001001101110110011001010111010101011000101001101011011011010001
111011100010001011000111101100001101011000111001
0111100100001010100100101000111110101011101110111001010011110100
1000110100101010100011111011101100101111110000110011100111101000
0110111000100101001010101011110111000100001111000010110001011000
010110000011000001100110000100110000111110011100
0000110111110101111101000001001001100011100111000011011100001000
0100001100001000000101101100001110010110011011111001100101110110
1100010111001011010011001010110001000011010001110011101111100000
010000010011001110110011100010111010111010101111
0111100001110101001110100111001101010010111100110001111010100101
1000110010011011011110111110010110010011100000001100001101001011
1000110100110001100001010111010100000011010100101000010000110110
011110001010111000000110100110000001011000111110
0010011011111111011000011001011111101100000011000000110011111010
0110101010101001111011011011101010110000011010011011011111010010
0101010010101100000010110110111011000001110011011111001100110111
000101111010100011010001010001000101101110101101
0011001100011111001110110101001001010111100010010000100110110000
0101100001110110001111000010111111000010010110110011001011100111
1100101000110110110101110001001111011000010000100100100001011110
010101111000011010110100111111111000011100001011
0111000100000001001111111100011110111011011010110001100010110110
0000000011001110100100001011100010110110001001100101110001011111
1110011111001010111101010010000100011001111010001010101110100100
001010101101000111101110010001001110101100100010
1100111100011101001011010101010100100111101000101100000010000000
1110000001110100100110101111110111111010011010010010011111101101
1110101010110101010100011111010100100100000010110110000101110110
010000000010100001001100010110100110001100001010
0111110110010010101101110111001100101010000011110100111010100100
1010100110111111001100010101001001100011001111110011111101011011
1001010000001011011111010000011100110100010001010000101111111000
001010111010000111001110100100110001001110000011
1111010010101011010011001100100101101100010001100111001100000001
0010000001110000110100110111111111011010010101101010101111001001
0101000101001111111110011000110110110110110100010110000001101110
100010011000000001110001010110011011000100001010
1001100000110100010100000001001010100110010011000110111101101010
0011010001100010010000010111111110010000110000110001000000101011
1011101100111100101100111000010000111100001010111110100010010111
010111001101010001110010010110100011110001001111
0011100000011100010000001011100100000110100000101100111100100101
1000100101111111011100110011100010011011101111011000010001000111
1000111111100010110110111001010100010011011100010000011101011110
011010000110011110000111101101000110011101010101
0111101011101000010110111111011101000111110011110101111000111101
0111100010000111101100110111001001110110111111100000111100011101
0001000000011101101000000011111110010000011100100000001111110110
011011011010010001101000000111110011011111111111
0100010011100011101011110000010101010100001000010110100110101001
1110010011000010011100110000010001110001110010000001110111000111
1001000100100001110100011111000101101100010110010101001001000101
101000100111011000110000001001101010001110010011
1100000101111111101010010000101001101010011000100011011101111000
0011011011101101101111010001010100101010110010011011100010111101
1000001010100110010000001000010001111010111000110100011111100100
100111111011011001111111111101010110101100101110
0101011000111011011000010000010100011100101010001111101010001011
0100001110110011001010010000100000000001110011111011100010110110
1111100111010101111111001101111101100101101000110001011010010100
011010110011110011101000101101001010100111010001
1101110001110000000110001010110010100101010111110100111111101101
1010111110001001011010110010011010000111001000101101011011100101
0111110011001000000010110101001110100010101101100001110011001110
101001110001110010000101100010111111110110110110
1010111011111011100010000101100100111110010001000111011100111010
1011100110011010001001011001011110010001001011110110100000111010
1001000000010011111011001010011010110111000000001001001000100100
000010110000100011100000110000010110011000001010
0011100011000101001111001001101011010111010110001111000001110000
0011111000110101010110011111001100001111111100000001001101100111
0001011111101001001110110001011010100100111100010010101000001000
111000001000110100000011111010110110000101100011
0100111111010010001110010001101010101111101101001000110100111110
0001100100100101101110110111110100011111101111111101110100111011
1111001101110111001001101101001110100111101010101001110011111001
100110011100001101010001010010111001000111110100
0011000001110010110101111110100010001010101001000010001000110101
1111111110101110101100001011101000110000111000000000000001110101
1100111111010001010101111001101011111101110000000011111111010000
001001010010100001011110011011111101011111011100
1000101110010010111111100110010101100100100110011110101001100011
1101101001000110001010000001010101010000011110110111011011010010
0101110000011011111101011111111001100010100001111110111111110000
011100100000110000010010111100101111110101010010
0011111001111010100110010000011111100110010100100000111101011110
0001100001011011101000100010000011101010001011000110000111111111
0010100010000101100011010011111111011011010110110000010011001000
001100110001111110010100101011001110010000111010
1010011011010110110000111001110000111010011011010001101000011011
0111100110111001001111001011101101010110000101011110010011101101
1111110101110101111110010100111111111111110010100011011100101010
011011000001101011100010101010101010001100000011
0100110010010110110010101101101010110111101010000011000001110100
0010110111000001111001011101100100000010110101000100111100001001
1000000111001011100100010110110110000010100100100011011001110001
011110100100000000111100111101011000001010011101
1100001010010101010110110100001101100000011001111111101000100001
0010010110010010011001110011100011011110101111111000001001001101
1110010111110110100000110011110011101010101011110001110001001100
000111001010000101111010111011001110101101001010
0101010101000101010110011100111000001110001101010001111101000101
0011000001111011110101101110111000000101110111111000101001010110
0000111000111000101011110100001101100000011110100111110100111110
101111110111010111101011111101100100011100001101
0000011001010011000101101100001010000011001011111010110101100011
0010000001101110101101111100011110011001100101010100010100110111
0001111010000001000101101100011011101001100001110100001110110010
000001000010011011011000101111001100010011110001

