0011010001001110101101001001111010010011000100111000110010100111
0001100010111010101010001011011111101001101100011111101000111100
0110100111000101101101000001111011101011000100110111010011001001
1110000010010000001010010100100010110000111110101000101000011100
1011011111010001100101000011010101111110100010011001101010101011
1000100000000001011110111100100010100100101001010101000000100001
1111010001000000011000111110111010001001110000011011010100101001
1010100010011011110100001100001110100001110010100011111101001011
0110000011110111111000101111100011101001110010001010110111011100
0001000010111100010001000100001011101010111001011110010010111110
0100111100100010010101101001001101110101000100010000101100000001
0111011111011101111101001001101110101010010010100110110100111001
0101110011100111110101001100000000000000010001001001011111111000
1011110100000101111100101010011100111010011110000010010010011000
1110101100001010110100101110111111001000001010010111000000100001
1111111111110101100100011110110011111010110100101000000011101001
0001000101010110111111000111011111101000101101011001011111000111
0101001101010000100001100010101101111110001001101110111111000000
0010010001100011010111110010001001110110001000100110100111001001
1011110010111011100011001011010100010101110100000001010101111101
0111000000111011000100101101111110010100011100110111011010111011
0011111111111000011001011101110000101011101010001111101110011011
1101111011101100000000010001000011010100101101100010101011001110
0101100110001011001000011110001101010000101010010111010000000100
1010110111110011111101001001010000011000100101001101011111010111
0110000010010010000111100010011000111001001110100110011100010110
1101101011011000011000001110110010011000100001111010010111101011
1000001111011111001111100101110001110001101100101110000000011010
1111100100110011000110001100100010110001011111001010011000100011
0011110100100111001001110001110101001101110001100001101010000000
0000101111111101010010101100010101111101011111010111000000110110
1100010100111010011011100100111100110000100001000100101010100111
0101001100101101001110100101011101010010000100011100111111000011
1001101001010011111100100000101010001001000000010111110100010110
1000111111001100000111100000110111101100010000111111000000111001
1000101001111101111101100110001000101000100010110100101111101111
1001101011001110001011000001110000101110110001110110110011100111
0100111000100011110010101101001010000101000001010001011101101010
1101011110001101011010000000111010100001111111001010110001100011
000
0001000110001010010110111010100011101110010000010110100000000110
1110101010000101011100100000000001100110010111101100011111001101
1001000100110110011001000110110000000001010001101111110010110001
1110000111000011110011000000100000111011100011101000110001110000
1101001011111000010010101111111001001011001111100010011010101011
01000001010110100111011111000101
0101010000011001100010011000101011010011000010111110101000000011
1111000011001101000011101100001010110110111000111110111111100101
0001110011101000011000101001110000001011010000000111100010000101
1010000110111001110111101000110010111100110010100010100010010111
0001011011101110110100101010111110101000011110001000011101100111
01101110001101001101110110110100
0111101010110000111000110011011000110111000101010111011010101011
1010010111101101000011011110101000010111100100101000001111011010
0000010000110101011101110100111011000001100010001110111111011011
1101000110100011100001001101000001110001010010111010110100000100
1011110110100011100111000011011000001000101110101011100111101001
10100011101011101010101111000000
0010110011011111111010110101111000011101011010110000000101100101
1011001101011010100110110111011011010111100111101011010000110111
1000011010100110111010100010010100011111000000100000100111010100
1000110001111100101111100110101110011010100100000010001011111100
0111000011110010111111010000101000001111001001011011100010110101
11100110000010000001101000001011
1100111100101111110111110101100101010100111101000000001101000010
0101110110110110010010101101110100101011100110001110001000000001
0101001011111101010000110001001100110010001001000101110011011010
1010111011100000110111101101011011001100110100100000111011000110
0001010101010011111111010110010100101100100011001101010000101010
00111111010100110111111100101010
1011111100101010110110010001100111000110000100100111101101011011
0111001011101111011001100101111111011110111110001100010100010000
0111000101011101110010100101000011000001001011011101100001100110
0010100001110100001011111010011011111001110101111110110001111010
1101010110101110001010010010100001011011010001110101101001010000
00000000111111011000101000100101
1101100000101110011110100101110111101100010001100101110110011011
1000011111111011011111111010001001111010110110110101100001011010
1101110110110101101110101100111000000001001111000110110111100011
1010111111101100001101011010110000001010010001001010010011111111
0101111001001101011011010101111000100100000001001000010111000001
01010010001011000010110000000100
1010000001110101110110101001010001100011000110010011101110010110
1101111100100101011010010001110110011100110110100111100110010110
0101111100011011100000010010001101101110001110110101100011100101
1100110111010110000101101011011101101010110101010101011110101000
1100111110000010010010100101101010011100010111101100000101011100
01110000111111100101101100110000
0110001101101001101101001001110101000001011011111110110101001111
1010110000001001001110110000111001010001011101100000011101101110
1010111111011001100101111001001000011010111110111101011011110000
0010110011101010111010011110011110010101101110110010101100000011
0011110000111001100001100111011010100011110011111111000010110011
10111110000001011101010111100010
0011001000010001001010010001110101111001101001110111101101101111
1110111000100011000101100101111011100011011100011111100101110011
1101010101101101000010011000101011001101011001100110100110100001
1110111110000111101110101010010111101100111001100001111101000111
0010111111111111011010110101111000010000001000100010001001011100
11100101100011100010110100111101
0111111001001010010000000010111011111001101110011110000110111001
0100101101010110011010100010011010000001001100000000110100011101
1010110011010101011000010011001110011100101111001111001101011111
0110100011001000011001110111001111111011000100100101110101101101
1100101111010110001011101101010011101110000111001100010011001111
10011110011001110110010000111111
1010001011001011001000000011100100001111000011111110000010101010
0001111000100100101000011001010010100100010010100100010010000000
0010110010001000011100101001110111011001011111100110010001011110
1010001101001011000110000111101101110110101110111000110011001000
1001111111011001000110011001110001001001011101010011101011100011
00000011010010111011000100100000
0010010101011111110001110011111001110110110001000001101110011111
0110101010001001010101010011011101111000010001011000101100001111
1100100001111010111111000001010110000111100011111010010101111011
1011000111100001110000110111000000111111101000101101010101010101
0110000010110000000111100100110111010110111110101001011101011110
10111101100111111110000010101010
0001110001011010000010001010000111000111110000010010011011100010
0100010000100011001010101111011100001110010000100101100010011110
0100001111111110110111100110100011000000010100000011110010111100
1011001101000111100010110111101101010100000111101111110010011110
1111100011000101001110110000101111010011001100001111010000001001
00101011000000011111010100011000
1010011011000101100011000010100000110110111101111101111110111110
1010000001001011101000101100101001111100111010011000111010100011
0100000010110111000010101011011000010110011101011101011100110101
0001101000101100011101110001100101000010011010011100100100011011
0111000001001101110110000011010000001000001100110001010111111000
11100011000100100100010010110000
1010000001100111110010101000101111000100100111011101010111100111
1101100001010011100001100110110010101111000110001111101001110100
1101111100101111000010011100100100000101101001011011001001110100
0101000011001101001010011000111101001111101100000110111101000101
1110110000010110010001010001001000111010010000000001100101011010
00010100011010010111011101101011
1000101000000101001101011100111010001100110100111001111111110001
0011011111100100100110110000110010010101010111110000000000011110
1001011111100011101001000110001000000001110110110100101100010100
0010111001010010111111011011010011010101011111100000100110000101
1010101100011111111111111001011101001011101011001011000010100101
01010001001000100111110110001100
0111011011011110100000010111101101101001111001010010100010110010
0010001000110000110011011010001010101000011100101110101111010101
1010000110001000110011011110000110010110011010111100001011011101
1000001000110111010100011000000100011001110010001001111100101000
0010010100010110010000000011001100100000001011111010010110100111
11111011111100011011111011011001
0100011011110111010011001011100010010010110010100111011111010010
0100100101011101110101011110111000010000101100011100101111010000
1010100110101100100010100110100101011110011110001110001111011111
1101010010111110010110110100010111100101011011110111000111010110
0000011100001101111111100000111110100001101001001100001111100101
11010001010010001001011100001001
1100011101001100000011000111010001011011010100010110111001001011
0110010000000001100010011011011001000000011101000111011110101000
0000101011000100001111001101011010011010000010010110101001001111
0011101011001110010110010011101010010111111110011001111010001000
0100100111001111010111010110111000101110101101001100100010111100
10010110001011001101100000110100
0100110100010001011101100001101100101110101000100110100001001010
1100011010100100001001001011000011001111011111000100011010011000
1001100011000001111010011100100010010010101100001001001111101111
1111011110011100011010101011110000101011000111010000111111111001
1111000101111000111100000010001101001011000101010111111001110111
11100111011001001001011101011101
0011010001001111000010110101110011100011100111001011011111001101
1111001101101010001110101011011000111101000010100101000100110011
1110001101000010000011001100101110010000100011000100011110001011
0101110100010110000111000001101110100001100010001100001001001011
0110011011100110010001111101000001101011001111000111111110000001
10101100110010101110000111100110
0010101110111010110111101000100111001010110000101000110000111111
0000011100000010110110101101001101110100110000101110011111111011
1100010100001001101100001001001110101110011000000010111010110101
1111101010111101010110011001110011001000110010110110001110110110
0001011101011001110110100101010100100010011000001100001100101000
01110000001111001000001010111100
1000010111110011011010110010010110111111111111101010110111111001
1001011111110010111110010011011010100100011001100010100011100111
1101001100011101111110011011011010000111000110010000001100110001
1011110000100010101000001101111100000101010111001011000100011111
0100010111111101111110111111100101011011100011001000101100101000
10000100000101010100101111001001
0111101010000100111001011011010001000011111000110101110001010110
1100000001111001011001100111001100101110111100001111010110111011
1000000010001010010010000011101001110000000001010001100000011101
1010111001011101001100011110010110001000101101000001001001100001
0101001011011001010101010101001001001011110101000000011100111010
10001010111000000011101110000000
1011010101111101000111101000000100011100001000000100101111010000
0001001001100010011010101010100111110010010000100100111100111100
1011111100010111101001101111111110101011001010111110110100011010
1000010011110011010000011110100001010101101110001110011110100101
1101001001111101010111101110001010100000110000110101000100010110
11001011100000010101100101110011
0111110011000000011110111111100001111010011010001110100100011000
1101010101000001110101110001101101000001111111010011000100010100
0100111100001011110101111111101010111101001110110111110001011111
1101010110110010110111111100101100001100011101101100011100000010
0001110000101000001011000000110001001010100001101011010101111110
00100110111110101010000010110100
0000101000001101111010001011101110101111101001111100100011101110
0000101001100100001011000111011110011011110000100111100101011110
0001111100100101010101000111100111101001111001001001101110011001
1100101010011101001011110100011101101111000111010011010011011101
0110110010111101100100110000111010111101110001110001100000101011
10010011100100111010011110011010
0101011000111010001001001100100010010011001101111011001000111001
1000100111010011101110101100100100111110111010001011000001000000
0011010110110001111110100100101001001101001111111111000100100011
1111101001101110010110001001101111000011101001110010000001111111
0011010010100011100000101100001100011011000111100101000111011000
01110010010010110011100101101001
0110011101001000111101111111111110011100100100010010000010011001
1111001101011010000011100100000101100101100110101010101001010000
1001010111100011110100011101010100100011110101001111111101011010
1111100001100000010001011101001101100101111100000101001111100111
1111111100111100011100011010110010111000001011111001011000011100
01000111011011000001001101100000
1111110101001100110111010100011000001000110100011111000100001100
0010001011001010111010101110000110001101111001101100000011111011
0100000010010111110001110001010001011000101010001000100101011011
0001101111001010101001011011100101010000001111111101011000101011
0000111101001101000111000110010001111101001010110001110011100101
10000101010110001011110101110101
1111000000100011110000101010000100010111011000111110100110110100
1001010111100110001011101010000011101001100000001110010001101101
0101001000011000110001100010110100011111001110101001111111010010
1101111111001010010110111010011101000101011010001100010011101011
1000111101010000111100111001111111000101011100110100101000111111
01000101110011000011101111011000
1101111111100000011011000000110110001100001101010010110000010001
1010110011101101000000111110110110001101100001000100000001110111
1010010000110100011010100000111001010101111111111101100111000001
1011111000010010000000001111110001111111010111111111110111110000
1100010101001110111101000010011111001111111001010101001000110011
01001100100010010000110110001011
1111001000001001010101011100010010101100101011010001100101101100
1101000011000010001001101011001011100110101010001100001110001101
0111110110101001101010000101111111000101011001001011110111011000
0011011111011011000000000111110101111101011010001010110011000101
0011001000111111011010001001000110110110011111100100011010110011
10011001001011100001111000111101
0110011110000001111110011000110010101101000110101111010110101101
1111011111100001100001100001010010010100010000101001111110000101
0011111011110001111010111011101010010101101011010100110110001000
0100011100101101010010100000000110101000111001011110000000001110
1101100001011111011011101001101100000010010101000101011110011111
01101100100001100110100000011110
0010101001010001111000101000001101111110101000011110010100111111
0110000011110110000011111111000010111101011010000000110011110100
0100001100100001011000111010111001011000000011100100101101000100
1111001001011100101010110100011001101011110101111101100010111000
1110110000011110011000010110010111000010101111011001101010011100
11001100111111001000111001111001
1100111000001001110101101010100001111111001000010010100010100100
0101110011010111001001011111011001101010000010101011101110011111
0010110000110000100010001010010010101110111001100001001100100011
1101110011100011000100010101010101011001011101111100111111101010
0110101111110010001100000000101010110001000001101010100111001011
11011010010101011010111011100001
1111100110111110000000011001110000110111010000001101100110101000
0010000011101011001101011000100011010101100111111111011001100010
0101111110010001001000001000001110110010000101000111100001101110
0110000100100101011010110110101100011100000010110100000111110110
1000101111010111001011010100101010101101011001010110010000000011
10101100110010001110000110000111
1010010000001110111010100110001011110100000011011100101010100100
1001111011111000101010110011000001011000101101010100100100100010
0001000111000001011111110111111000101101010010000111000010111110
1000011110010100100111000101101110010110101101011001000000101110
0111000000001110010000000110101001110100100110010110111000101101
10011001111010101100111110110101
1011110000100000011010100000111001101000110010100101010010010110
0110010011100100001010100111010110000010111000111101111110111011
1000111100011010100011110101110000111001011100011001110101010010
0010111111001011110000000010011001001100101000101010000010101001
1000010101000110111000111110111111111010011011001010001000101101
10111100111100101100001101000111
0100011011011100010001010111100000101110010100100000111100010011
1001101111010110000111101101001110011101101011000010000101101000
0110001110010100000100101000000110110111111001010001111101111111
1001000101111110001011011011001011111111001000000000001000000111
0001111000111110010011001110100001000010101011000110001111101100
10110101010000000001111100110010
0010110110101100101111100001001001001000111101000011000010000000
1000011101100100010100011001110000001110100110010110110011011101
0111101011000011101001000101011000010001001100100001011101011000
1000011011110111001010111010010001001101110000011110110001110110
0001000100010100001110000110100010011111011101000001001100111110
11110110001110000111101110010111

